287579
930040
691096
635201
745836
237911
884667
758843
516053
640232
201337
488677
367907
518957
895719
511959
179175
381886
88868
454433
5176
594847
702273
954703
465446
20669
722584
664890
171922
702667
512828
978001
632707
722423
131700
897042
960334
16367
174383
476386
175098
375720
483562
543005
413176
897781
573464
592351
798166
662332
565284
803342
775679
267556
758045
241124
806725
999128
906014
497146
701794
418841
475147
334500
659764
125346
750041
620097
660213
924424
614983
353811
818643
98544
896816
231819
514824
988779
342669
312990
169610
426452
116331
945289
694008
392875
704912
500733
392002
610925
997879
93796
548265
991525
946796
208028
635371
696837
346625
295583
139759
480107
649394
958403
97150
64709
708721
611975
571987
569889
924965
260096
996342
559795
723884
208848
952671
428795
228080
344672
558219
744459
956968
106484
735983
903764
833012
889853
119099
698136
703936
777358
178242
871829
254259
275393
455037
962980
405867
27024
51368
330831
805620
47709
409125
529504
256557
361795
958299
484638
224967
516518
747596
700434
141501
2077
122696
493012
891931
241795
191148
595866
537653
887890
467694
791912
163282
441231
754892
87648
468255
324759
936979
273874
372468
346104
321877
147524
707899
280176
150661
451365
315193
898257
151799
975194
900335
274495
468205
792265
34790
659353
906630
572443
65742
892823
364354
229024
334053
637745
316673
320807
962504
253651
113181
853471
118254
435058
995
344653
233733
670156
796018
67425
568413
466316
42618
987247
259311
510824
298010
294101
688676
204639
385043
754418
615961
267896
501942
468514
905642
337114
307820
386644
109264
939501
758615
227519
374559
278109
572172
126791
948265
886689
194217
35176
353005
755335
22422
612316
266158
320432
424916
473334
43570
809959
227751
178031
77854
248192
646545
501995
585306
472864
407139
213070
412365
165753
440589
305423
962362
531260
432214
910626
417948
144930
945803
289452
900266
486724
901768
684923
807157
845183
158256
369226
655141
386008
547257
251495
152699
712301
271989
738006
185165
679128
951076
116029
363380
910164
421452
325741
441423
853666
754867
377870
517096
219168
667323
417361
705892
87589
102283
31547
451272
260540
400774
624912
165047
466530
876407
317746
697331
666896
574251
400995
864523
43825
517024
227903
953989
938476
72143
913911
310640
345509
810281
827736
564677
996103
763596
789069
602191
865880
820616
53462
644919
739889
678375
809966
206419
73280
646211
903750
740176
738962
304744
604699
782787
340267
351101
255275
278742
941744
687685
107881
287253
497965
935618
370429
494067
217712
159497
614758
83591
980114
668220
247009
720002
346594
575474
444920
419875
221685
867169
678550
960647
690412
801748
261932
30678
152848
517207
827920
613092
723392
935802
900345
221356
389918
789273
233923
607630
948771
848681
209721
447383
516900
456730
685884
381994
32204
130804
320368
772389
997973
517417
251534
688385
319165
513466
237562
472013
549173
65482
85104
272564
1283
503948
12419
909701
293221
246342
517330
760491
613522
245550
207873
648922
702281
893757
30915
252984
543060
869783
25372
59532
387199
276906
266416
706364
308871
503978
696877
858044
569460
300480
130607
89242
804429
143027
998943
616149
907869
34772
895139
521391
280322
103011
170312
501102
515267
719727
754086
58327
589509
297957
636359
495207
574863
902775
201571
883735
406752
416947
260277
494712
717427
390885
583954
40354
52411
101396
656503
960280
654668
551641
169
453489
173151
170481
954592
688419
408707
227176
265245
998216
525134
901604
493423
618496
804378
213493
502230
729629
630440
762508
224340
347866
671892
326794
388221
724303
946690
563223
203081
601357
633364
203251
54845
325014
892232
527936
531932
300939
755113
797177
817654
798746
217279
829576
417241
540156
561568
437971
788285
192007
718978
12624
58373
909369
857918
965094
152170
804607
46815
355251
924463
198678
77001
497808
523693
487733
25743
55624
788672
299355
371301
124824
98100
107079
472900
33841
647236
34467
990312
435520
226475
709289
966644
803348
618657
824562
768441
770827
147667
333755
644577
590630
532434
721579
88437
56126
209311
632680
630250
516482
932036
1550
159805
548635
108630
632705
100975
274365
667173
91286
228384
412147
319074
195027
215494
456230
538088
502434
745556
204255
354688
390133
794885
887122
630211
401821
461747
358021
34500
610497
393002
485035
612047
552807
33670
239176
185512
653145
32040
371184
744432
260424
783331
582005
973952
517324
38235
512039
538257
783791
234793
892945
692423
29677
298566
322633
431498
278812
199153
984499
889309
592155
469533
19855
663462
503203
777531
367473
674848
809572
738657
419279
588495
40486
519783
562446
76309
558018
592985
133065
341809
827778
544509
552731
375955
843075
875365
325952
121887
593017
310450
529695
185172
779984
549550
848634
801686
327081
734606
476533
136652
473262
414311
725147
32247
934095
806093
108556
10611
399077
760121
870920
745354
304629
423651
121308
666204
299015
447261
306590
892032
276210
836285
595703
574693
385835
962836
376379
712916
697441
371411
368067
689202
304222
611713
721449
756816
417805
348504
767427
335381
108624
638347
80735
413254
61997
720543
79457
879512
686303
386047
290042
962514
740831
885746
537206
126665
367080
432084
358080
64521
321995
244646
272222
626217
856360
993672
383032
792664
342175
150458
646545
969300
307304
245779
901053
369301
966322
980510
248812
652625
885056
57354
133637
625886
943100
189342
271051
828679
621427
629131
411699
943422
873778
683922
88137
248636
677593
989669
559799
538267
140126
206343
26065
447431
452122
927118
335231
936944
907627
102543
589568
311181
159897
723205
937068
621496
912547
208118
450174
52472
355748
861874
514393
748025
545795
121029
515160
741887
110697
74959
798653
250824
799802
824719
216754
770424
751836
551985
707367
177962
173027
815434
489143
332924
57137
944710
954420
488183
671327
404594
59155
27075
784967
573548
775100
330761
694578
290260
591147
323774
883719
389799
574598
202019
214517
309851
972443
966354
380336
198308
144315
553363
13741
151957
886288
589378
96667
359206
77561
767994
763800
136716
795069
548766
228763
88668
398026
441840
897428
989173
765615
299645
378972
858712
501664
111988
687063
474107
78341
67398
190914
741156
139260
723156
893114
544047
312533
508280
903254
908594
276273
667053
563809
589842
734319
792573
197009
650844
752912
94436
640017
37025
394081
537488
895738
895745
649476
101299
888351
246317
168697
79265
505972
826457
802421
917585
370504
633453
425864
273757
542047
220637
459309
105855
810479
712127
416927
7487
362971
688339
620423
521487
725364
533003
58974
139600
428747
226949
240899
835598
991766
928096
433362
497738
754553
754282
415322
125056
387734
359686
398813
448280
580323
376621
72635
390801
88748
489562
916788
451719
696400
55709
973206
421764
588712
550679
79863
17458
296127
320763
371555
287893
248858
804917
304130
521910
559198
237951
646966
465432
597637
564278
913712
177959
940900
986347
87259
548147
994409
522546
999866
690808
578255
491570
631071
166966
560748
710935
702925
375374
550197
74479
663267
799055
397896
485896
839465
475593
723848
486430
941025
321484
569208
373236
17943
28606
359582
105202
576753
353990
146248
576618
563298
724503
586687
194368
891470
147434
905303
112893
41307
973999
187372
704575
291553
103767
708970
131017
579361
432817
135946
38884
272801
705154
412120
290744
733760
290202
914446
310512
162691
60693
405629
725989
303696
992316
920358
713665
658249
344159
826558
699557
318158
532429
922631
609711
636197
150099
259227
734057
582917
395173
772941
374217
100327
703561
664961
352586
993763
97905
663099
156453
677099
587227
400942
980795
98042
321299
212958
274790
183957
39515
492846
20614
571944
933976
148824
208140
84075
408051
460696
666992
321724
233637
41208
422051
455697
224668
293136
449459
841073
474734
124411
518171
61961
525353
17464
160003
365151
230422
953293
67608
788437
446139
88222
360381
380114
755547
87020
464189
682097
547717
649680
3820
299853
690888
944371
755550
434055
237507
723508
275128
712241
366418
311798
292701
891772
847763
971204
775422
596684
924497
843030
385121
370635
449752
264001
269248
205298
351021
733438
405894
417237
383117
409715
717090
592505
872585
991139
26559
628591
233145
301687
340832
599564
131985
152032
9834
979748
123236
785256
576431
47732
628286
961552
936867
78037
225552
206114
801835
95073
458051
207728
512310
841169
135942
747900
952173
8527
257537
978732
155617
490683
798919
496449
608746
930904
166981
618580
429150
290217
922335
5580
856449
550620
485632
311814
147156
229683
517928
948991
843256
494479
675219
874066
854147
811161
621965
806319
338187
879502
785050
493805
888684
102467
508753
15928
551870
675734
634508
981020
484450
556843
505100
340898
625962
990732
652712
773119
738914
689140
240608
100669
702118
915827
974735
556264
245487
596699
362582
583674
994700
666131
595978
401883
768599
623231
417811
320468
298964
570819
301488
301914
646161
325087
161311
272122
834318
332523
563740
573231
21662
804349
673900
242279
720175
648634
798543
965662
763832
161124
67835
277031
345754
663813
678914
114352
287043
96724
953321
104507
186042
773308
406421
832203
98394
86231
104325
932712
418754
186564
24441
958916
990913
216841
201194
711088
865475
999737
195248
147806
679360
263083
424837
25114
445396
103750
657966
250938
718974
611286
873945
905017
903093
798865
255718
1486
885097
360043
452697
303850
65107
477139
262766
56019
693980
463960
285606
77953
982197
480855
744259
661556
262437
169095
205169
226332
791345
863136
477271
510319
992921
351215
933835
896014
150080
189552
415999
35176
68095
387196
339026
133202
864335
120291
189221
76813
584252
993328
673266
566448
474182
417525
746503
255118
586620
470172
481451
377965
333307
958722
406783
844727
828436
340617
259239
978516
48668
193738
532191
116763
580934
389717
249965
963768
510008
957687
40580
94259
951014
713846
179206
943695
131370
444209
198812
717991
914381
198762
614455
766187
675983
21237
610913
504419
880354
388652
1433
929022
582390
52124
564285
681823
441841
814250
645590
951849
290435
686170
564608
759948
918515
262313
222141
568385
706522
939454
804875
620902
138215
419329
387088
814199
959066
516501
837117
839419
423652
838550
286939
524541
890674
851224
206363
851014
183973
851953
802863
992908
56621
885970
752856
493635
148282
974997
62019
854805
914450
866894
994206
571165
804722
381294
385363
763787
416294
222479
121704
839946
579528
408644
364486
988702
259867
570849
839715
962340
941301
161076
955248
516421
47045
708103
528555
713828
201598
590575
568632
634548
975968
562837
205712
780690
462630
109574
544476
878924
850553
184680
718869
430080
593324
601854
937281
371690
691202
295495
852530
632502
456571
807777
667422
22116
34378
195977
735944
235976
305051
304575
389023
799518
385911
594735
580207
367041
222808
643183
245964
73360
827863
483333
21940
939686
603686
959221
829875
294888
254715
682404
927390
229786
490180
113311
251902
43057
827788
506345
797534
651338
329419
186556
450855
715330
299791
31062
82370
522599
192744
846835
595960
539106
848667
617900
478791
452352
95619
827165
747240
350335
509569
193129
98620
518248
824940
869022
561306
652727
375366
358839
304064
704785
63894
273418
938614
363685
822980
20984
886285
15723
386318
482244
554829
753484
100143
552119
205835
195762
897784
471575
64596
925852
183203
681716
444099
8142
550737
523904
660869
926103
401242
483432
630887
465137
275349
569501
828822
98329
108984
715106
114052
13801
715849
187381
767285
334491
257999
491619
48753
674282
963194
113349
600133
146396
313565
562732
673038
864302
86635
852406
308904
6377
335837
458290
471514
611187
546290
818835
228015
655274
52440
860567
187574
768289
47947
473358
102780
824447
964978
151533
498728
446670
783382
617361
111566
615446
180092
784604
479748
785227
637010
307151
791604
491346
765441
781617
621032
311731
600452
849047
485504
171391
709614
191578
458179
276060
664936
560959
619006
629913
230991
117734
76583
532873
735095
706649
666818
433686
491252
665065
218912
646761
972216
10516
138107
737657
792133
277638
567887
911084
126685
53390
82474
354798
244968
540654
630858
428404
620112
249864
58316
369603
886098
653399
420975
139691
360047
87792
573377
369799
752858
792289
16559
243572
321304
673166
981229
631937
950805
67614
543020
595989
639505
143994
950787
402972
203147
100143
831376
341758
868507
889693
711361
273103
61590
650835
412794
940138
257127
504670
828436
528484
815459
363494
772056
136762
36660
271784
768699
505964
339398
830219
101952
978903
974213
571238
381875
177359
189880
213250
519117
58387
621442
748978
331490
201532
918312
262784
141669
175438
767454
488604
703922
101411
852098
475978
238174
407257
266261
525372
913221
605659
355590
533672
584562
848302
623409
484936
25660
813290
698186
63277
871677
838128
330754
721666
39659
249065
984450
699828
943004
270403
188431
165424
371814
40528
641402
128487
447786
426162
172359
879506
31821
527949
413178
134882
376251
36586
619818
920411
368375
836503
502187
240051
674630
832941
480217
232788
600506
464666
932616
543509
253568
639546
708933
143882
680075
868835
790869
646360
294996
963228
44364
845317
491177
976042
980199
385927
531128
600016
306337
899503
436519
327024
658054
629648
159964
138270
862437
278969
121435
795052
340977
375004
434598
49910
37385
633172
437244
828254
798031
250739
309981
842395
96056
319657
336936
76254
705584
868064
194770
530420
767566
631289
375943
425619
260936
535908
563889
123372
333376
685325
436924
674354
578828
390021
242763
134712
23192
680007
481465
339722
449245
791446
700616
545301
111102
37551
140055
335185
905615
334825
384105
673181
966114
760048
617299
745549
814455
181188
387421
147831
385012
824345
340684
482339
214365
583447
617051
756057
263453
98515
614278
712698
408461
314893
776499
38062
352445
916554
891748
258059
251378
794352
449739
735991
72898
67038
481539
887354
766726
387459
553684
151737
211803
412867
634076
944668
996314
769626
219223
778266
868141
833501
9462
795101
148394
785961
833164
19338
221013
724911
277397
472391
519262
727137
726881
592160
312674
208420
998013
79399
114378
70195
231136
326182
483062
383711
789349
479375
153336
527072
776140
539976
360572
785603
335077
27465
571563
686740
46803
792577
411650
842701
783467
449411
88336
510348
41570
401010
237267
558083
480409
351645
146777
230044
196326
629840
613755
985676
627714
285590
31246
403854
825566
391818
189456
679142
937784
279518
365881
503086
72094
296030
345786
374061
745441
434122
884409
305511
835132
640175
382093
834040
510319
528870
64083
706646
158709
677838
210820
304923
481927
242066
708777
825993
152383
416732
505134
608666
696250
389515
111752
286844
204044
976038
660905
949486
410160
63812
773496
763791
703987
155588
116330
214305
202957
180413
439450
361667
376751
650270
185089
858678
410835
893866
684670
81718
310597
708304
690384
6846
616318
802136
293690
820362
778174
473094
769847
706833
536906
61841
989123
759392
735929
105452
492197
938887
804366
931647
819053
181116
100416
4141
558293
29750
898007
242963
111468
727103
469766
801853
252448
86083
122487
546139
906445
419160
537732
194791
125992
74638
256632
633615
834030
511061
739067
326226
449947
61931
776373
268999
243047
395288
273140
801341
425038
689646
562803
536507
416748
551068
856859
669196
637151
979346
733834
62094
398506
271566
256885
42997
864704
32017
676612
698733
61577
934179
543459
511524
996110
838331
299022
757657
233618
572162
77496
177155
780307
158798
713662
197054
709866
570520
384749
347016
68365
637083
927610
985371
908649
702995
28367
773352
253511
223479
990584
315088
157657
52541
826612
672266
409371
125633
948422
642989
216294
25917
820145
996601
184715
52305
712154
413080
141325
615402
278595
728190
252484
206205
713560
679632
909200
741927
971483
162710
965406
962067
477798
641562
533107
822909
832328
942479
467041
780749
103966
683335
325166
442610
198434
28380
494916
910588
441461
154740
525989
238555
882930
296973
444760
596489
976605
872459
856915
948088
553668
340820
428653
549965
982382
480259
372873
333208
422737
839914
632457
45203
41747
476122
487813
240181
504502
501228
669268
464462
655968
195257
703018
57396
10729
666277
653885
987334
538736
29299
453920
610903
370119
401072
160868
871000
881332
52240
204208
822568
410654
836665
867771
452401
312786
874084
211082
335787
375311
880350
800250
549779
594106
21766
125674
604835
206542
298059
110668
745278
327358
564588
874681
697477
965661
35548
568476
365491
606288
772684
188058
16941
127847
574329
987843
959133
448412
198924
294920
342222
597773
613669
410500
191879
153934
536175
315213
360476
834234
425881
624254
161591
990470
498934
859068
474629
52981
946043
840120
659269
718727
546677
676211
365073
121005
182552
324206
87916
899976
137625
430139
497748
751294
359138
208126
423727
895313
523340
784203
248045
949221
408456
409636
458189
425889
787203
451317
478870
733246
809936
138139
970472
356613
332849
854044
477618
33900
178249
565535
933876
834374
514173
950123
104166
873311
158249
527893
768624
200088
830596
535168
667808
239051
944805
644497
183440
250506
95813
662310
502251
905750
318948
991222
262362
170296
845266
258479
722696
542014
342513
656571
376388
856686
125193
999054
248496
283442
526947
535619
2029
357542
70786
669837
115092
15590
832833
298532
784597
928647
479342
805347
352895
316789
796569
133756
5585
160333
392235
728281
702347
253248
384852
597234
109933
28544
596288
358429
311986
641734
894048
832515
999276
964835
20850
632867
498924
853684
449899
802020
782330
929241
607367
653724
764529
922435
787480
770114
82767
698214
498395
303613
951462
401746
419347
579895
430290
534134
456823
260775
175867
869371
611789
693642
834205
632639
845008
851628
486322
294906
172147
787151
742646
779514
440874
507175
701948
746853
277288
303214
445067
294182
606827
915028
214427
26173
494922
163216
78806
951746
942491
254673
339615
554279
466814
692319
186918
311822
543946
673240
125227
234592
460391
867874
14105
419764
375048
234552
166617
170835
56265
130183
983518
663093
45210
197944
207765
58632
361161
286572
528877
822151
59744
868492
376430
45058
560810
563348
875380
623255
755087
606
857848
215477
868480
390452
153741
762027
143504
320358
932863
199769
450541
916380
381361
14250
632823
107626
591382
512483
912698
120258
334634
490941
988750
711064
535999
68058
792911
929878
691314
547997
930485
67660
763475
317463
458112
917216
79490
120115
756073
530852
319885
725113
447231
219745
257862
598553
327371
849245
111036
240068
969503
964170
731010
476752
675233
785508
63309
468143
715386
754623
16139
164369
340782
298113
481832
317394
733828
561322
437509
8399
610673
275893
733512
57903
495639
509874
174956
823010
359118
804492
581578
328620
768661
831087
323871
962393
616594
387181
430535
331979
660303
965174
14847
1085
781787
496680
318479
34113
576501
755988
561013
187174
31881
813024
763577
46019
322897
938533
869029
682015
743024
969106
529135
30183
800192
853006
992576
416786
240186
941610
267264
418989
906784
282112
420074
207069
297291
738553
759682
873792
13039
320694
60965
563420
133718
343042
609439
456615
800074
996968
138630
543098
966073
186264
573281
766265
39269
84356
701550
797956
25965
487313
216944
451248
287924
637018
658317
585215
894070
417999
977507
425608
257192
556971
989029
390910
900013
598467
366025
700087
113933
504655
761684
80006
690919
853464
364770
248687
937820
584819
46642
963786
590631
782086
415033
878556
937603
591850
982270
831672
528348
959776
775780
785540
516747
764808
176450
416759
881774
60974
635345
995708
84128
397028
594213
293546
250492
477482
542233
706811
580800
107375
670596
171430
889461
604129
49985
345563
195978
32255
695734
724326
510530
471513
509865
27276
236320
204814
962536
118094
265788
597880
632301
349916
513408
745013
643462
282399
222494
704195
989210
321793
811570
659806
493223
219529
263934
61708
565092
459912
612463
260826
702737
122992
732339
212601
150269
487159
935916
631304
123752
201703
229183
756053
70119
261090
501065
232080
543489
242058
936275
532699
563851
747844
711004
575573
485873
493437
637281
50964
953349
249743
830290
174584
891236
562629
387185
41504
49787
841600
191307
173539
561803
938990
448091
631922
200080
467655
864002
743569
228212
800277
794767
310562
66619
505770
886135
552492
999207
523416
121956
471054
291658
952246
645638
182893
514874
551323
742897
83160
392922
934204
775199
473224
391693
741789
105145
591773
727943
487647
335341
956155
806423
648608
266716
873042
154377
671351
944034
153584
713266
65989
624638
4923
536734
788776
706317
570108
340098
967713
653268
251519
420416
946967
724744
812109
688755
348388
403881
935198
836035
257721
891352
160956
906329
676568
552498
60706
347918
496531
732790
61183
81019
875927
584606
617753
183201
809422
187860
41798
777135
359628
293318
197550
306594
536561
9658
513848
403448
932039
967545
757983
189759
858897
918939
614588
53963
471436
193793
920381
486466
926583
981564
85984
321008
84668
703738
504210
894091
410097
546008
671225
769725
357825
387274
594818
412885
396932
627166
816334
328970
594710
574316
37228
972106
493254
170315
26068
483190
364108
946449
488155
809190
446511
574140
648698
531180
277877
152907
943770
687974
217414
133493
976199
575240
520767
89515
988125
917699
716681
804458
765168
829891
897273
320895
801996
909027
491211
346564
392216
373818
811512
880371
701508
258023
454510
350205
307702
250886
503112
769971
457360
720526
903464
952058
814265
424230
41572
802390
341928
276753
125346
625595
106643
22619
464989
427138
450145
474699
773702
842361
848518
585214
241230
550025
361736
214240
900230
669438
983626
921841
439408
440985
642366
342871
911542
975131
285600
953115
777520
627528
748367
421365
771622
855010
962484
236610
800647
412628
711310
574349
773488
78326
678062
533218
146850
39797
747458
47079
227734
731083
968920
185641
690568
129784
528512
602109
104914
814112
73722
400933
960139
822089
340798
250259
195597
821781
5368
996245
234409
235177
89092
526396
313503
767154
59613
460353
325450
807071
25931
553184
56653
513350
738825
265720
161634
785836
386328
785048
118446
460051
704481
597084
800639
45278
365842
514736
867059
371210
29479
619967
606388
637071
146363
438390
404224
205976
417243
248173
531547
443174
801357
588200
475024
58680
853920
636658
363015
758747
421705
481461
218797
644685
597044
537936
689963
962886
571171
75521
852595
119149
213987
458982
756220
360350
415872
160443
84826
833115
408616
616373
794788
728472
723072
269811
305651
95490
424968
668666
854237
365173
668626
591534
9857
265669
129469
699821
747054
219139
293841
599648
338288
507828
577130
94507
386678
993002
773450
471504
826116
700565
87876
620903
947536
810948
409214
253186
906438
834182
921852
760674
199354
108976
870707
209212
893145
518675
427532
640198
737814
721373
758345
594601
747700
335474
689108
134377
846975
981057
605881
673090
681621
212256
812493
629156
541703
221706
400841
966640
574387
841192
727314
773742
950168
116519
501453
361811
635195
928985
2008
373008
168856
278853
967610
916556
132826
175216
569433
979802
156273
175313
652891
356393
906070
983883
985550
447772
205588
904890
414412
779976
746082
660225
72216
214748
776744
573669
576560
411938
21152
97067
303446
190008
375920
271055
625063
508747
964771
194495
488548
121043
888309
659938
477437
794378
643821
981486
242149
367908
886375
175060
666383
150955
835285
257098
365704
130528
830767
942264
542466
851919
39330
845912
560426
415251
635466
185489
442497
600237
379984
449544
239779
268292
109481
717216
581169
271801
217200
341818
639710
622075
516878
824592
773030
870663
81690
138733
1190
430956
80996
543656
801375
638827
908068
361800
572577
62032
547289
15073
662269
445773
464617
420548
232564
92597
656263
813734
364399
873464
155551
522608
495538
190928
865699
787067
61590
947389
444300
62780
896845
43795
124936
698219
682622
551503
60018
255198
613535
125807
788771
794304
571580
253387
214851
322643
864485
871114
136376
747383
263076
810427
788490
277113
519855
654188
64180
581445
120076
508480
162725
16920
70774
806161
715139
753397
876163
775157
8594
8196
419463
315865
802500
991043
87751
535850
313686
952236
925464
968562
699618
188539
297488
488107
984153
817343
660795
48332
917287
780871
75311
598511
316290
146085
923171
31428
417981
799333
325084
945076
326029
744548
260940
647028
254089
348691
182878
86274
819427
626841
573336
519044
815380
870824
525651
799532
206665
704945
366363
642451
485815
960174
759462
320604
624759
201131
352032
561239
518964
195615
506314
844993
458662
285753
492020
712752
634445
193397
317525
453871
820238
890861
491414
154117
280183
535564
472148
486848
240508
357011
647799
244822
317184
925760
565426
460442
126890
435957
540181
645854
631573
46494
490846
90234
332248
982867
321485
485192
694763
639011
457562
515001
529871
467475
669118
810055
3039
141265
815402
762047
498276
981700
6869
333960
907459
90794
312901
34349
526752
853082
198702
676824
418076
689549
285557
268823
190914
607043
754015
885677
764553
730076
919177
294423
197550
588294
622977
719089
729560
956879
481136
746335
938578
488005
80294
364536
97298
911696
917385
624050
764777
116086
300873
182852
324134
586431
451675
515048
711973
724189
919225
476525
454264
838401
289447
170314
426695
912425
889403
674754
387802
370538
939588
844879
377042
538382
209414
474341
450077
126798
616890
733353
761385
436263
916206
85518
541193
886380
119066
253165
129068
38290
248189
583332
876691
537636
272145
821885
968560
161548
15137
356361
50585
473225
201240
946128
11606
929154
420468
980183
574452
555857
713535
335836
992120
148239
421354
533312
553119
540420
304976
682187
97209
553165
784018
492400
609301
56163
314284
577860
217711
847922
452721
786796
321146
172460
732923
851252
620113
671890
831434
194564
227747
544968
530400
738366
211707
470254
271678
764826
529173
95153
447012
144882
166818
231029
637282
776119
287192
470065
872478
23402
836486
843698
810199
157631
16157
61620
8882
154770
733511
358815
349334
961258
903784
398234
699623
115490
386987
489800
880316
434659
584954
845827
579541
751772
76855
216822
46389
364048
205387
918867
905950
41872
281064
716148
718004
815721
777769
245385
970491
29778
604201
319825
991036
26483
236558
209157
660473
623545
217457
59287
58203
320910
905114
637745
591181
981969
373066
637570
864516
578453
74935
770466
620326
355999
5112
338329
690220
301380
583714
660710
331158
706414
980535
322193
732897
217092
49850
393369
359136
785807
452656
417340
106716
357769
573584
697897
858238
946650
853966
722753
43602
447400
11717
663928
321899
16830
520756
12118
318210
622969
672828
649369
329383
171862
490061
62279
907454
58410
974149
266590
844217
426804
202429
950933
303073
776013
167328
161310
722662
539793
402562
766264
505693
414280
948691
827592
431110
987946
358209
267819
610915
549536
917188
458797
721398
925749
39575
147351
984159
13723
413941
828376
959028
134869
297807
780600
910882
983636
941910
152042
41927
862971
436806
547620
277250
385496
893711
226859
891942
770419
13178
21355
319955
930366
480152
559852
374613
38226
707203
358772
570450
639643
705647
47976
774512
521953
828576
203892
505588
288984
355935
66015
151954
792741
132134
947705
696736
25845
693063
107176
314763
706241
128531
634718
155106
127182
194570
529719
683909
420272
406990
254358
59915
112636
302334
352926
634590
130909
556819
658677
419893
431253
724692
90346
223993
856827
38050
439228
401171
249613
546405
715934
955854
193435
350652
629459
839118
63721
159178
523026
483993
84667
777384
62407
197304
598217
415334
831894
729126
490652
490570
667518
921905
215262
757864
664397
590588
314414
622124
991759
564027
687028
707692
38379
880464
576843
186338
238080
640564
864016
761106
643057
948683
538489
705464
145986
655205
639297
496379
384330
129948
986950
570347
570352
720711
846710
234748
829798
161123
375372
821556
243649
62399
47746
800529
461362
624590
986867
699442
783653
369381
979047
426709
318063
36034
650673
464050
691239
289969
960429
594068
938418
465877
164414
508769
705087
11124
262017
534884
690747
155888
874939
452896
218287
922686
771924
198149
65774
277289
416090
849427
646670
395137
794636
964733
431171
445308
947282
122410
253776
426210
716478
192193
410586
399392
219462
115673
410516
999979
169056
619762
155866
43995
72657
374153
966681
363080
90801
32454
640369
506892
400380
287038
420528
713515
770271
851699
677322
717552
492608
931099
662261
209086
641791
72847
126977
379752
707020
55992
379730
876076
675754
535596
920071
266911
428249
886751
629991
519050
437704
270360
544441
356584
557398
964969
70098
327668
816668
265920
563720
827775
197018
225980
555360
357308
817327
682337
737061
524346
738329
635290
400422
414083
170886
320492
199493
599135
725743
829484
636684
681946
99843
181125
557029
175741
146093
627128
21908
481260
893048
585628
309035
608565
330108
864395
484372
147434
546732
739932
671781
285060
375222
590702
217642
64607
911194
417135
663742
155435
246619
300425
355881
864962
49
912910
559202
146143
58536
581111
145902
951584
685238
454937
78647
533845
837832
81519
199779
384563
821451
871560
188122
715172
980761
924265
779779
410453
341399
443520
565889
106517
262445
440269
489979
262494
353178
49180
927137
411715
148790
73039
881798
352528
46475
478945
404872
884307
560464
604651
787369
900414
994710
493991
615586
975470
418255
395364
385923
759654
357384
470311
384671
138328
910580
874650
919322
263757
442329
846459
193971
109619
437997
75769
462147
484472
73213
867019
887279
633677
990170
674647
52589
984879
168637
668175
960349
586892
582039
346271
865046
939423
816582
249716
596250
245660
642865
515571
509417
85193
880529
221888
194812
318525
816157
175458
321497
889370
560977
208775
41545
551146
401921
94134
54523
570559
762310
14871
675950
862848
879642
59494
320769
214722
827710
917019
460382
470574
432589
488299
74267
313118
710187
787579
150142
526343
481537
471639
415712
42513
680414
457257
112158
600835
69890
166681
171393
350699
700053
365842
213546
579694
943837
534315
794417
771546
969833
773298
760620
920922
261596
353386
752539
971783
659464
902681
16624
141000
892820
432336
702013
91732
408092
814171
692567
996483
499352
382459
347181
199404
748302
560728
297597
692138
613542
610513
982183
101874
383811
742802
22795
163906
614687
775334
654189
274151
196513
670813
415151
89332
621649
635664
181065
548240
968334
873632
544722
467685
256091
891904
185588
522892
971131
483186
733529
103171
93698
234210
205045
477509
495512
746340
641416
110198
40172
814104
384349
236686
484916
318000
844518
106564
953664
544082
173304
440496
417714
718026
908182
192304
128428
612269
233695
99558
95454
485723
721230
189153
719933
926275
185161
215444
191114
345076
325643
231286
159179
228491
986472
162595
546491
830990
787659
18653
375071
960963
977650
311284
678989
404330
22087
325916
16598
255782
943975
112053
741505
665204
819706
979938
109977
523366
195381
301091
868443
39523
532378
546121
268015
518849
708716
333005
868338
496375
870159
243409
457337
847808
73192
654825
252137
95280
499241
268735
351062
443215
899288
611067
108418
718993
591004
218395
760859
304884
37986
629301
344408
88863
175421
612423
126211
402637
945428
994550
899012
815586
756458
874848
181892
829650
48172
434029
443429
547413
221264
312991
509127
120551
924058
617545
358044
33560
354439
118902
338444
910925
266702
682852
999788
960623
813774
125999
881759
759202
120548
780770
93286
395505
174117
793679
743654
740789
227707
187083
806701
967471
500074
315827
606522
942631
451871
964566
976191
806310
601967
833134
717235
387168
515986
235521
866290
329759
361520
748049
607460
567
47317
219246
396072
221434
12924
658226
480722
759131
845309
287422
726602
345382
121748
333123
288012
573619
816188
782702
379929
936654
615835
615663
842321
650320
851184
708610
498579
731204
456658
624538
250270
503976
843784
164842
243909
375207
823068
724632
652838
668376
530553
379439
532257
652302
231061
338768
744420
565748
121469
124348
20900
255803
258510
863221
906124
628194
571830
404702
877897
546988
547739
128166
50963
910023
293008
813372
285229
634575
56502
938067
821450
587056
836005
353706
757857
585565
692474
502276
151312
332442
145124
172212
588246
922134
553932
12868
68826
125762
936070
946723
672750
483808
593389
242212
393830
404896
55583
197559
39471
112086
654125
860921
217641
8629
214627
493997
594194
425600
514772
264006
276542
659896
954718
864788
100529
508650
396155
169355
152911
332224
116078
344160
334531
709467
586372
728362
114362
160454
444420
672333
791040
98544
533254
527180
625673
266380
539676
219867
210479
54448
2372
487021
232843
957090
351808
333372
465739
747963
502728
137149
598686
137305
481309
933218
365271
586180
180078
998133
265134
624498
670466
56173
241541
722219
101853
867215
988599
641529
605581
199077
214476
607953
204598
447320
565042
556406
299191
549281
822869
320418
686430
940054
457723
167739
873271
341493
753919
571848
339626
19052
714845
528591
593726
956387
769309
214078
342100
276406
374106
947681
475483
588583
555633
198580
554402
639174
754987
853593
188454
96354
174011
874885
554907
150233
42623
946678
491727
315041
518525
349852
852594
233370
396942
964819
708256
166250
697396
50355
442656
71501
998036
436638
178583
72167
635219
732985
711341
908705
586578
899796
523558
760589
293179
78464
910822
854302
25141
921048
169342
62166
270899
540435
295536
186340
23752
3791
352590
721148
572646
795246
792650
570681
231884
971233
161347
385602
704218
872688
294306
809295
772483
817864
88382
65661
896328
517703
438462
439969
438751
607805
502135
228149
666739
797671
414490
690492
319961
767080
411639
892607
80825
722788
981787
831209
694021
143133
216810
916738
534320
511116
244531
825303
847479
332913
409463
262305
850616
847926
702274
807866
455730
204408
36015
640968
520578
969005
331459
359038
736084
743099
770144
335408
984386
751930
166616
678406
413562
383426
113642
947883
413041
358173
773185
260519
691086
701147
522825
60201
549072
225098
868067
523301
948007
904082
164269
987084
873086
495728
346122
127669
757326
116265
463077
741712
386695
148193
938617
800257
531619
570759
266638
463160
928932
558322
723679
138517
259469
765003
198718
808541
508601
66784
331842
456607
489366
496111
443690
880951
510338
308311
527119
786164
424577
508696
46374
811272
656889
984991
130027
707007
555749
915166
170166
3180
473487
412345
141697
251455
177347
858915
59996
685948
444198
910338
661054
933564
924948
623244
333014
435285
931555
860133
739948
874631
887328
786322
204401
544216
771313
334429
251223
845561
768094
939889
848741
241580
352233
508937
11535
48080
367851
590031
252527
812050
500368
432081
264112
425315
55324
597126
379099
505378
975759
637547
380009
863086
423868
584410
407302
195180
437338
177024
559241
205431
116912
407981
965512
987646
435418
977047
35725
803269
567077
288252
615318
585944
720333
879431
529758
294156
995056
427356
799535
970814
64902
698043
352399
488771
800952
759701
202450
756790
455224
761691
962221
90635
688172
446231
78280
123589
423277
114005
445357
508853
920758
579175
94796
159589
977105
624554
453746
972160
51910
771780
461473
116812
988322
813872
605583
789273
92071
326533
546062
547295
88223
26782
156429
294894
473013
234710
936983
414790
867215
382340
923643
306471
961515
18439
466061
938619
161492
438306
429277
731902
210085
409249
848715
716906
223120
972797
506178
833691
299329
570740
899485
906053
597522
55914
719446
589034
290624
656429
3823
676338
557268
445966
982810
518782
982905
448870
975900
144396
405675
923676
876299
615760
332925
243512
851165
74544
734808
357342
908236
34137
446581
326219
458689
562602
382133
178134
670136
191256
353062
673959
867595
910330
638424
368903
947611
621328
817773
442009
284224
223447
365685
679022
357706
217109
922534
208870
810153
657341
84711
236887
209977
49792
563107
187165
612394
463739
365300
801029
654996
718362
474988
41089
147191
631911
409992
94801
253239
746264
536811
55962
488210
420995
734984
364415
156603
176016
91784
966756
351856
694995
203643
561834
744787
766750
267498
875681
748988
632798
676709
403983
869660
670196
963572
16850
302107
892063
630151
73845
638326
166961
648307
645035
106455
383290
9449
263058
77805
101233
229814
429661
796229
951957
509994
541015
237205
777493
935195
986193
928790
611904
908676
316948
800599
872247
333798
102705
282809
482449
695050
921135
167909
343356
84669
274365
245145
94118
55922
322950
195352
804236
271111
510080
756192
299604
569594
511896
77096
504789
498089
524386
635192
406764
841334
435790
797510
693632
56995
80318
176080
270544
519953
862489
613901
604622
136853
859046
698740
192776
700496
412591
515511
971607
441170
271703
789710
10764
783599
385306
34052
800187
909692
669244
206950
269524
623533
522960
481655
199027
603278
176234
469572
123230
38723
601972
246351
175576
979517
945092
886852
680012
876182
402363
170117
317352
192565
959828
846616
494663
345133
880668
294850
773324
68410
20299
42847
210442
61758
524503
409470
665037
700737
397541
306766
739460
999513
553118
433536
497528
16708
838887
696040
411389
759749
866157
247240
952314
344483
93855
965477
208115
974523
260326
499938
42932
799125
61285
771875
860884
104287
699844
44419
323523
97384
869685
62983
615396
941302
15018
112923
476509
372404
808963
887899
132153
193619
135138
84466
56601
228994
568442
783217
722016
347267
283154
283448
146392
862939
55322
525775
967226
755166
570194
290749
852550
958378
872232
986445
899680
887250
617867
376188
259653
426830
264086
391806
138948
917725
994773
714049
665218
81713
497265
387233
428981
298919
670681
93872
161857
244502
619647
129083
999668
708340
938332
370716
666717
810563
357160
566396
697812
493527
461084
475964
438856
243669
386270
577804
161393
899542
810352
826611
981255
307617
732344
928735
125035
921524
22606
805392
166026
642253
452974
165693
869092
391305
54909
54308
201867
930569
620704
418178
424095
600287
412642
862951
843957
798912
959254
5349
216952
769606
350460
716706
595722
82803
645441
720757
4326
668047
526148
170352
828800
497622
854546
697891
888927
909455
752199
90794
358522
891403
508972
782618
491689
921614
645568
854145
239024
123321
859495
974476
892927
728454
691182
488648
811257
855122
727904
334082
523168
772551
22934
870467
270172
395979
86857
159099
823933
357555
768393
182454
767457
277364
965072
259146
717478
129139
113290
475001
252460
491284
449477
663886
219737
659158
671033
549493
514279
398936
402075
555946
171486
425009
944913
960159
820988
31769
637757
163419
389324
406149
345873
156781
202012
829445
934427
437989
477083
566216
912991
248042
576000
880967
911928
314236
58623
582960
863730
91401
500395
265804
165846
190380
209312
110758
150538
548799
142527
788295
712218
50351
712943
576590
725632
914956
406034
178557
352944
883117
263272
784434
649658
839272
665400
561585
153508
724023
663044
535737
333923
163438
320040
499770
872319
529352
610528
22856
78150
271555
329651
308867
840406
42593
885457
566037
476048
809991
263093
828993
211606
526365
613426
861265
365637
797326
941349
37644
39847
122892
91880
373771
804830
411920
873541
677148
459771
484068
218504
56420
755623
548155
365287
596028
109247
769243
680564
585296
579233
943657
414288
790840
988522
546213
170603
354158
343538
111951
910302
383386
234843
2181
275656
39673
932601
149196
716821
392371
633264
453824
448791
907387
1978
814078
21913
629726
101819
220977
215021
681053
683133
147808
471892
671654
212520
642495
544311
556059
272945
454612
457944
507789
975293
733600
65961
907893
401295
301281
818763
553058
755106
267553
460444
275583
600130
857
905309
701950
221834
120329
901502
423466
786637
373393
95120
999158
534387
639431
73715
325831
612543
50158
352119
587835
302257
418080
14227
703552
237861
351489
775109
511466
619043
235553
787049
737672
754910
692358
958121
495243
331186
859622
918709
636323
751514
13828
153979
804400
653260
227694
130231
784302
796352
482350
890636
98608
418930
423362
320659
656791
774852
95767
168256
912394
849820
473804
650065
123228
166161
608186
618471
15847
467807
537180
170669
737821
69507
324648
542220
241266
552342
672451
25567
867193
154801
916204
484300
92230
339565
323458
749021
114416
937725
435776
26809
787545
909580
195374
910773
594241
322059
47743
128587
308365
103422
299256
46185
172929
623904
588406
414196
694745
260856
958263
561937
934157
392965
564736
26386
732531
888194
293906
365446
825918
729682
910756
131961
157761
624629
42734
270501
946688
608977
399088
255052
712399
216843
301238
885328
359246
889644
818023
53990
668999
776286
134426
603156
687750
699162
629542
420280
105854
923449
304226
931772
171629
733481
63733
847890
358109
624967
118390
823296
233943
35977
78347
464841
252820
898085
350168
612066
306227
686691
184555
975227
981476
837481
578382
669225
55141
726423
608005
160995
168370
430730
611267
858500
164210
675000
706389
40818
818466
343279
864114
52408
379256
460960
517249
632077
877545
385916
762642
183771
591106
465697
158997
572581
303177
255878
760306
358319
500801
368310
37813
669171
799040
649080
46169
481749
842579
752559
41066
661044
95837
423679
231951
993593
403138
267699
625669
280682
653616
906811
464454
244721
372507
141950
335802
194183
397829
96107
71001
898630
982917
627315
86299
300455
276394
132469
782204
118973
403527
823270
298516
17863
765448
530468
11455
168585
798167
155624
449268
970282
580934
432221
733503
471940
574171
69304
666123
972000
683911
255624
389128
666827
882939
993928
967282
677832
644896
267984
796805
48422
609753
613821
66285
375200
144288
596240
543785
942455
751864
511552
431236
851297
943773
164738
323236
517944
234042
989360
8442
917953
763483
916071
103278
646421
909998
70559
324252
554893
857043
639557
121814
466795
253377
706599
360494
916165
302838
904279
377118
573202
934331
808354
424498
878103
973092
747735
396046
725633
255593
922989
162084
19075
839059
265362
183995
749056
854421
26746
822448
711463
184802
944262
696757
956679
650860
57250
872843
953698
480029
768461
45398
414359
576814
469897
292461
68405
736131
207007
794038
510223
129995
956123
529298
969054
221484
231792
236608
594405
258538
59055
305867
443341
3316
521124
400019
654176
578374
791362
126372
576902
559822
171771
991261
136635
160167
802222
205040
896298
9228
517578
925020
139223
473700
972817
626776
213683
204608
863384
808088
981646
922439
632455
424986
444254
153578
343505
98429
250451
653366
743301
827354
213187
915072
818614
868322
593738
620835
591862
8534
148562
109439
933554
806285
101638
906370
433060
315321
110977
814943
123409
611123
255880
274363
554608
700134
427941
898113
317062
196891
551478
60363
24244
283164
493934
361358
151486
606172
500692
743348
614706
649255
371286
548260
974039
472924
973129
407099
788245
602606
740541
430153
213728
514921
704516
768336
215054
650956
184948
50616
847848
254925
629479
390591
538090
641912
751949
689576
248083
252641
951423
862790
420395
322708
929549
912933
795632
902677
838531
583876
23781
579072
532529
237509
93992
237044
524345
827546
406500
709293
878162
254347
964218
26139
644938
502307
668052
915387
710382
916135
686527
661804
297423
625421
503011
226971
538353
298642
648148
376884
401018
671929
955956
933547
427938
568447
689090
952283
395992
614089
180074
792654
868436
144291
818793
31873
165098
486844
947260
393979
921479
152285
574283
218901
777706
77293
964373
316058
894436
131019
692942
295453
321447
167396
747499
749385
735843
955088
220166
650335
569177
400240
442988
956112
63031
780280
987985
228129
785624
453743
622108
707102
606028
196390
444502
383733
792184
408874
218291
686619
539893
911233
982072
379840
597129
248069
129224
332971
721656
867891
501805
290832
268130
944793
765444
331161
725073
271927
77789
510696
725671
699898
736297
850198
414787
180798
752431
206970
589673
970722
893589
648065
400453
394159
546404
997582
160727
675629
849053
400883
543519
350857
210214
330148
295650
975658
179809
539222
247585
257598
568417
491755
957496
304713
341952
890783
4010
94382
616252
112182
65103
28340
278747
465557
940999
825151
463138
620226
500779
830690
21108
562797
181547
231322
411445
995697
206980
591254
534918
454565
848852
621834
946320
324847
445046
806771
734129
449056
901154
350380
561239
484756
378720
839986
950313
838219
665136
931951
458444
684415
762640
479552
765711
462686
710874
177155
458382
436353
286908
993300
409417
135760
133632
874236
979107
578678
681007
713235
27734
582160
582114
588973
585415
479334
428958
535728
317552
612593
986178
775996
297007
267316
774047
581218
730003
3419
758373
188384
439773
563781
700184
849190
699541
833816
723426
197146
412494
922932
428880
440228
23590
10993
547700
609005
490327
495157
663232
326378
107749
649409
102373
923257
435225
394919
504474
165227
398339
781346
872111
838112
345126
572294
205800
563166
924610
447725
760312
855603
370656
189191
814330
394246
718685
362029
3251
209011
375685
666483
53889
483434
834392
674762
925190
269616
69681
429663
953343
468020
729509
825453
824631
74634
916247
30430
637801
840856
996656
916612
696458
367311
624303
29286
280057
342987
391315
801808
70497
285499
986790
124386
768933
821181
799149
212622
609296
868830
160784
562638
855349
890293
906591
679979
964928
822837
228908
121227
182191
225563
37838
397148
111374
180640
426434
391431
523627
336248
193238
594125
621747
180027
237010
909179
519708
36158
121800
129003
423487
801085
210141
278835
691377
116731
477313
174803
458067
706222
814530
158757
450284
370868
555905
561658
551508
500838
471588
75135
837086
183325
187759
977332
363353
424769
886510
401560
460928
526810
49062
884415
327894
777703
681750
537770
412933
159062
712574
871000
383783
45602
29756
834068
416470
104160
914225
967979
604998
385813
561613
960583
569138
749372
937914
450990
174140
824424
371049
153567
869733
420112
556482
197626
716314
238231
735396
129247
397293
966469
518746
781077
12071
548503
615144
947041
171162
47867
915019
776161
952180
995131
255242
39817
744502
193156
490807
437142
536079
380356
109208
405811
318967
665690
121936
35280
903921
857332
164527
301214
342300
683274
82290
872871
750276
215933
819911
921438
782300
253429
216097
734480
248559
989840
774297
511561
182995
783603
467202
719074
163958
576410
643384
482925
242100
765320
36705
146020
622651
201232
965734
483450
403005
566523
356320
671780
300955
694731
111717
83255
948160
327814
817735
715218
317653
592031
745278
19147
894133
212479
256720
58091
788890
900104
59515
549489
665423
96220
695509
806574
815953
179742
808523
737457
746265
164843
409237
47220
378073
520954
130475
326232
367267
466709
559949
203420
577239
305227
222567
471371
36205
479288
47961
825095
897891
107477
893083
81813
722197
588592
888387
56648
286833
696909
794106
33097
380251
203342
598817
758324
724296
729292
603055
91562
714500
681504
294982
291738
986731
36049
763110
22935
33836
329570
366530
931727
437047
259612
13539
677744
366703
420425
734392
653536
635834
46996
205133
16084
250338
803950
292908
493133
51741
414462
103195
766241
95965
916677
57979
82695
952726
339588
624131
986562
669158
509160
436788
624705
287271
968827
302448
653975
389252
555339
826010
25085
602336
31142
559669
371173
353592
371076
864307
405333
785539
967502
171573
881504
884178
748052
482699
355403
87639
625329
860464
275297
134488
815751
900002
421759
784578
720949
594233
692329
794787
420243
235913
397122
969885
314081
286795
323476
685158
669601
247308
470696
637102
937382
870699
39778
685433
353397
913681
773073
978726
292644
48369
631713
108394
466870
53472
892972
187818
166204
103799
982605
104946
339712
898227
74831
653794
703521
916807
338951
373121
682615
328146
528722
619996
198844
86999
305428
70741
680
597000
567966
293324
163868
199679
920218
630738
771651
813190
337055
937855
435488
838160
42801
775201
254885
636132
428994
958406
71437
286444
850026
754052
133089
378747
374047
331933
984246
197975
921174
984926
794975
489140
796749
477343
688819
716967
108080
460469
48655
963636
916823
484143
320294
959624
777843
575179
114254
725336
52083
185692
530279
420608
939744
663368
799355
832291
513801
783600
30265
434974
287025
343739
442613
602273
821082
131431
837739
447662
110399
404893
411297
27222
407536
250090
505345
185378
343768
619600
429214
395851
323791
959493
334958
263534
622861
134312
614324
136661
436411
163088
90134
241935
506828
532748
844209
327909
182678
200446
294070
293078
605340
223866
838800
12875
473956
862644
716753
817724
742
145966
732074
324533
105459
67031
106567
728320
719843
720891
383480
674754
883980
992114
916689
909307
524861
279396
755715
226039
479843
49785
519117
603682
273651
876416
616557
266107
739059
333309
83830
739802
997776
334404
64334
103234
401435
689401
350053
639778
410292
252032
314531
812771
244145
749719
722077
287506
29115
477791
32044
27457
527576
551161
631139
319727
946076
766195
585834
203633
618003
188163
461934
615778
522567
44768
237511
442502
734169
106063
82279
144460
358095
915310
957231
120740
665028
197806
926746
212642
675598
958790
758599
203173
28449
908237
522900
493024
674431
627233
696657
810934
815397
158591
426711
337963
721859
182722
298964
456027
288785
381243
118987
165380
815052
594717
286120
998580
792524
731365
211221
468121
690154
488320
189793
237102
396556
231193
730126
589487
858426
426782
400420
192321
103872
345630
530285
825731
528352
829249
281758
335637
728992
919245
501017
62542
513961
305636
61121
306484
37000
790843
293104
727154
279162
482898
964256
194217
714091
694381
783704
91015
639662
184123
283337
743535
529754
332121
87764
576605
679869
888022
912242
927360
807266
931758
989903
321227
237393
569523
146210
274393
360365
439315
520046
158026
922213
2800
352244
154802
215680
654447
764317
855343
838571
47653
117376
886824
898274
205140
981928
578143
93162
412669
24001
418927
344426
13903
740154
581820
583427
886365
856213
462291
325679
376259
138817
766391
897559
491061
921193
113239
145507
204008
968582
502577
770162
85957
907900
668435
809597
408327
765077
421258
820996
789079
840186
683921
321481
98838
265740
423407
985203
640453
885699
829381
535211
24515
595771
432769
34075
35462
546008
698082
757971
514589
719159
528132
119045
145557
196566
447142
553884
480143
386899
893379
787721
227084
577300
109201
844423
843040
532609
829625
1991
936807
177505
537202
479821
291775
969972
32395
845738
34478
248976
603708
67567
968135
131839
705112
632192
846905
152253
704575
845547
539153
597954
633267
284736
175253
742469
129158
536792
793577
477283
57283
248882
173287
594485
247202
465062
82955
798097
829299
117434
47072
951506
703501
533707
601844
408612
165898
448749
79365
388972
812795
137017
986926
446062
421753
680678
707030
69411
735970
500606
65193
793253
267987
238480
906237
515189
222041
989193
313285
51340
625126
878857
2845
328626
412563
604690
255737
96960
571938
335102
485933
384732
472119
991358
349293
893873
672036
56322
481783
926505
556928
546976
719757
343414
303955
625993
858603
525996
133684
690387
95835
277309
569244
98681
124434
500306
221870
380172
597267
312307
715274
601699
697039
705893
593056
564832
118264
265091
621154
600047
191595
696582
665522
429851
39995
969477
574344
417098
13971
226527
107484
109807
503837
195227
726988
146770
214033
948858
526942
811300
261164
760716
931498
476702
466608
524553
41533
584872
308144
662688
703418
18238
877769
368939
448090
917764
856915
540933
853361
870886
767460
479345
980693
271296
674572
707680
418067
888605
656537
463508
218403
436200
742723
149900
431402
209330
192953
991435
312701
501097
172621
16118
519335
50389
903557
485924
968154
760471
26856
821514
631357
794317
300858
612049
584112
493930
838229
520678
901034
13264
502686
637937
449465
245408
306336
399366
454739
499289
390800
285939
518885
563422
820558
38220
613811
724114
42643
100463
3084
69500
440477
634441
863817
741335
764989
966428
753764
603217
487106
173297
134981
989792
811234
584446
235199
117569
502311
208437
135358
893111
12876
654243
456532
833434
210962
70343
76046
253606
170806
79130
841606
611283
713571
223921
871118
997060
190348
143380
118775
195953
316677
253756
704244
127910
356701
457943
763980
859012
666380
899338
752123
197755
72079
727154
31188
283042
797497
107235
55147
486803
186365
415252
616585
418436
639173
6201
933995
829521
149582
52769
543974
466259
825026
248217
112669
181726
706160
395148
559238
891040
294485
829860
88794
885064
557013
119983
686605
354510
745718
260251
359812
450582
675503
976397
869018
314675
501098
803012
662696
650680
374281
206669
635438
199306
973386
266606
381032
679546
661754
458769
89084
474738
288628
177878
878302
845642
816361
564906
718651
80577
825158
78462
531160
500660
573358
400177
333835
74455
721689
515030
243634
95969
721699
397572
295275
213583
182677
194806
411628
844432
653576
500712
837669
460703
678591
715970
306344
13450
799376
24994
94028
624533
621956
625188
643692
195314
543864
496026
788269
265552
11055
550403
880021
251253
466474
175295
464837
649151
888602
876465
12081
60676
377177
849751
521379
574267
84219
827724
106216
883595
371217
200244
26626
993174
343931
188818
706987
887796
684844
13754
671847
695900
564157
551868
465652
549130
727163
930489
198281
134263
325453
210362
194939
221129
578612
716319
795396
662832
62541
901612
64925
433758
620356
91552
426931
964287
798870
133917
852082
483713
147672
523929
698112
230328
594296
682264
779459
321458
612752
496239
974222
456704
706601
169160
677833
803713
403978
473228
985044
466519
893340
568468
900278
32194
178519
845708
996481
977389
498125
367062
979602
645797
409490
677713
394624
3785
878476
692582
843743
491228
188820
817964
947932
413921
505624
144264
217633
909602
617492
721176
376121
29330
289643
794898
61524
468163
640605
576505
445551
138729
943567
425152
303025
871556
621365
216149
875341
499840
908731
237582
509567
97551
55546
975999
29971
79669
120262
766104
989271
256253
487279
883891
804084
295421
678788
384107
763584
319393
960612
727635
976622
422677
671286
279647
294232
811150
495796
688072
829490
923026
925655
857556
539076
499700
833554
569047
579369
472315
335150
87138
247068
340928
971030
569651
154849
649817
953758
918433
487709
914370
164566
464331
855546
354352
262477
149778
165501
276772
356349
513490
718297
282003
371046
257373
300202
723099
344919
398070
713914
198569
485209
960982
539497
456238
530632
694346
624554
2888
131278
630763
917258
814344
95093
772804
168695
876070
441081
852697
671341
797430
366186
389637
597933
737232
647010
416634
460331
991930
814705
174244
190498
818413
653725
248494
793150
702856
461340
417703
705744
111117
566965
141501
925461
662058
432804
94156
56626
392384
946853
727967
189813
313038
117604
306245
568770
764614
722880
547600
275042
56083
240343
984040
874496
894068
232534
667645
115422
212373
603847
821166
323490
170812
481166
248950
351369
913970
861606
407996
824853
326957
654462
14666
158495
772066
839411
727265
55179
80789
793364
848721
136872
33706
832761
11367
446273
583794
197511
561695
796167
319858
901360
638156
9169
901026
405605
879038
333494
267211
805533
158347
594168
459995
691513
271162
750560
530923
516926
805739
611713
310289
172959
748585
343995
5719
278452
790268
108012
994463
870462
904179
832820
290321
542334
841989
191346
947939
239526
43339
733649
45058
201686
846317
505053
893199
117478
774113
424122
634405
98350
554334
944694
271309
302918
807189
277028
99869
115955
903540
612832
504917
807718
445651
313737
868551
806140
23582
334989
45665
66921
587137
90723
268608
433453
114276
161806
69431
406888
104427
222335
505238
658761
685528
776548
480179
11215
572075
98547
127171
475615
711379
150587
801832
157030
464324
188882
963170
487906
523871
527334
554827
629507
136556
823435
581460
250832
503741
650891
657720
608168
391725
681458
785429
77252
458005
784107
606968
548579
882654
734139
24193
594033
884726
344525
751063
349049
533407
232731
836955
575777
278564
910281
205283
415120
733716
786743
184452
755956
956133
360671
882623
866357
42128
668051
462109
18632
452157
69076
567212
334811
321714
109904
447343
206439
454429
716905
73987
987836
949636
429441
82111
746699
339721
287395
161818
591936
592637
864770
347891
67269
225441
230514
452125
786069
898565
914234
804702
869222
983310
890413
722532
305023
316
169874
29961
454746
886779
622448
961081
354913
51888
43192
101611
391610
849087
781929
502045
960223
646699
849937
545991
390639
80450
998117
176707
497514
912350
499908
885235
414159
390320
607766
237681
390637
777640
786143
363882
664418
408590
843462
537830
460479
405153
639441
370588
254239
421370
872633
732962
586568
241068
278952
977207
840018
277068
153913
856032
707918
653822
741266
640576
562641
867532
878257
953278
163670
664399
835659
828089
591489
679121
884418
51967
84273
523859
941055
857013
463728
332186
589974
50295
573255
387425
27501
931772
182993
699914
787803
409410
872235
47568
49985
434876
915100
446741
906653
78769
629640
742312
425357
221128
939932
309775
791595
542704
352133
732649
399716
815861
583334
508189
384655
156588
895615
412156
606860
597107
630569
394662
6516
502804
442230
56501
456179
875829
21741
881331
954599
651381
623642
898455
391008
82072
208229
182602
624777
560362
433750
542992
894722
17084
51181
279376
692172
465295
210031
299031
62401
840601
693694
587417
861904
654423
643918
836582
530252
184158
717912
3349
835540
860054
901804
226547
942126
628533
409150
85401
707394
361399
628394
602116
378483
198074
399991
70655
663369
610023
888186
244269
969123
100378
831686
349525
754802
994103
186106
803553
178260
904018
806902
532299
282570
227204
758847
743196
855737
686496
828597
563131
566394
975490
683746
944878
173563
83736
534032
355431
693759
422217
118199
181380
522596
468384
530905
795897
980986
717011
599449
159246
139528
924850
210044
940598
152053
968891
683793
7790
173885
30889
89420
740280
6378
773166
203656
698442
856902
256187
572372
69160
678404
209071
769040
719499
677455
299945
33894
658441
535455
633343
336186
193482
76691
546230
134080
228745
33620
817873
755035
726005
367261
844455
984784
892140
617620
706939
590581
993021
963126
681452
580680
160029
890523
349720
879528
86477
649665
913423
263417
703619
65264
599603
897102
141956
664332
31181
370701
697952
367553
644235
942457
734815
488689
927240
145453
624808
634179
736034
136327
597304
935985
717008
275832
345007
585227
155360
949984
753391
587282
213400
457009
652546
331502
872610
313001
995834
903791
202201
212285
789844
846436
154741
43157
335124
600480
188610
478431
753158
443143
614759
868962
897627
850266
144793
242633
435492
300153
192616
188882
405934
406016
164390
58480
256017
37000
889981
251851
459290
92182
464136
249133
938618
137376
810790
792242
256355
999400
270672
9513
961042
403930
878475
858669
254195
23267
101301
689687
841921
812418
397068
247854
736933
79958
824834
992951
116958
714815
244801
576248
806997
227436
343881
264113
883312
154670
56354
139666
672570
327027
149179
633611
730957
546153
492279
985153
87920
112080
193338
929841
924498
108906
696194
661430
188864
39527
172879
824322
272841
936180
919069
79837
682115
262949
862450
565426
936120
918805
223592
608689
245831
372771
760799
495287
437424
771578
998939
525344
883658
710777
455184
326654
819683
669877
506583
527046
709404
679463
351367
982245
615642
270435
580581
297757
51884
443031
863183
988004
361835
605274
115191
126165
496545
394489
621452
933969
166066
138890
459312
568223
849667
432995
894877
669349
621371
401460
714894
330775
80922
66260
831519
215063
855195
412100
512820
907079
373630
894503
413581
253964
499776
47271
380129
996321
441761
520080
448788
126326
658970
908100
694550
508636
859594
589426
696484
480965
509385
411377
811740
590307
477637
161757
805371
851332
573857
836690
758410
465986
731192
690491
719950
749468
737762
618578
264287
698022
138658
713076
824349
316127
139674
518898
824764
999269
626823
39746
480233
136208
451124
810472
245014
447260
972229
568884
298591
64585
405574
575501
530571
655265
784491
769021
923232
40751
387598
187519
738774
44755
900595
563122
360883
40268
600519
704146
558036
227341
743892
38268
882049
713515
367239
127063
160775
857968
695947
977866
922553
101520
71865
971623
275285
374855
740643
198516
415607
646741
386035
154380
691496
805129
236001
52378
845398
836520
756524
403433
582360
18915
960202
464409
732430
327440
591472
411704
703907
287418
908070
626459
907439
498434
116581
182723
873290
375723
381239
288896
22463
767275
961776
713960
90902
197776
284837
936300
34295
559861
858233
616655
578776
336933
599563
311205
182872
191034
241409
886780
996953
149478
31737
904391
647912
148318
87113
521201
42541
986852
328596
65004
272625
290371
297463
363528
488147
100800
818327
40941
660661
676559
176096
239436
531991
775659
69140
714864
485193
829049
601643
482145
978527
633380
386535
144938
300198
992148
666139
342739
497498
513235
926243
770124
803606
742206
652151
810253
843006
470477
851194
503666
665536
545789
261601
197526
839948
849241
430889
325140
678290
32531
807285
175315
184411
712319
320253
484609
222965
504892
345847
720463
18126
272089
9085
340231
532794
179735
150483
375799
168712
520177
397964
834248
65965
178064
550273
905913
27305
981163
231052
224094
13693
556836
917909
716604
269154
238162
719712
10618
261553
65558
249581
798179
856148
777166
138409
388941
956902
288893
764741
125613
809070
681204
478360
875035
859269
28632
299447
405073
528294
530499
147666
60487
605835
65574
777091
874989
822236
496803
404107
602288
562361
653688
400466
937008
949353
538876
325949
424753
827769
609189
550366
155337
290392
547225
30371
668160
575858
848318
591732
104151
378817
739398
683138
984652
323472
460229
378139
145707
957032
300745
266495
37891
472932
666961
493399
422285
205836
819348
847038
552104
947036
915904
707441
755927
463128
256312
424087
557485
104629
15818
180136
483446
273716
863274
986597
597188
323502
883236
261394
799033
183980
527889
355424
656913
194850
848823
79197
919186
186669
444734
471290
652204
360637
178730
408130
823766
435042
350716
899750
539672
885035
79885
541617
158750
943160
46713
755938
785161
929949
535831
584194
113928
582220
458117
770841
777070
825439
368537
214754
12107
813272
686044
664311
692408
383274
590940
34672
818316
941657
934423
876487
826691
14307
418104
985441
475966
983317
259877
261127
913265
314207
363820
27192
896427
821937
316533
191995
647375
203569
406750
177981
535340
92793
360791
746248
994567
951731
780920
812883
893387
715342
207868
720077
248149
144471
224016
724115
127787
2392
503741
41051
316600
386060
586744
213026
207996
421776
405022
373870
625345
811772
70350
679185
423064
431141
425432
417631
901372
206351
749013
794758
440193
956881
33334
206841
619852
775850
449455
747639
778243
953197
788691
94842
339256
893934
307868
65752
315709
231389
958122
459553
561660
546972
138737
984725
496612
82668
920855
397983
807520
669867
711241
247712
145246
263074
454553
765098
38923
904008
31236
335665
375703
338426
949007
233459
232359
775375
817711
66567
6763
775832
526120
568424
322803
183357
71647
337915
784525
992502
735898
592044
180867
447138
839756
844613
228711
812808
609711
267635
235315
159446
121799
611018
497872
70806
844477
730231
846181
662187
796798
852944
956519
841417
939867
797821
543273
11513
135735
327798
522514
390133
919842
703381
355770
278097
547994
584482
90904
676204
370616
844719
835650
492415
455737
852021
563221
818713
582251
409401
999400
897548
780845
474417
738964
720711
790737
282237
732225
444972
128534
254738
835105
48375
476619
190874
844972
543112
775356
454376
737815
145971
299094
91963
156886
273330
943984
720107
92043
526234
648008
609942
942281
428852
602858
681244
668062
393594
481980
918786
838566
610514
173524
192169
177389
168642
383044
22360
711754
676899
476736
968068
341370
294330
60030
498256
567660
4013
736862
178202
48746
384869
788144
991027
332220
909501
190769
282
821595
191249
437567
660160
801763
611091
852330
497651
298232
753873
38511
528485
430771
33746
496552
772141
328076
556582
788896
895737
79094
525758
73938
127840
429126
380582
637366
279846
290082
828136
280128
630176
19384
236194
290336
339646
847286
661165
355797
664017
415037
394308
192502
364307
946554
689054
136448
274630
764136
443843
170366
843230
969601
762804
489570
398727
143385
645435
678573
951968
992070
477200
582143
11453
713394
390978
869600
79178
570642
743896
743196
985679
656703
454197
868486
603256
143250
523433
877886
907386
967276
566751
750616
936877
848055
758685
854103
509939
404119
51174
461906
396189
46873
562549
926142
278766
472026
314240
357945
42668
58135
619640
546846
714838
73836
933831
836594
735586
457263
232978
642972
424539
799730
912087
361415
647784
189270
734017
157722
593389
785191
138128
508077
350563
219176
434219
629329
209701
266958
505773
770869
325094
125412
836215
558431
717748
770045
913524
971834
227308
146502
614805
651847
464731
45390
531761
631014
753160
784277
307235
346548
87966
445363
373125
438529
183038
807344
67857
911240
74301
573631
682108
917895
217542
518322
994826
453790
806867
908349
425623
34174
573350
558927
204520
38080
604317
736281
669094
357476
520557
976330
222523
127022
940192
595648
565551
641730
921491
633408
552969
514292
725538
753576
432186
461580
271898
945511
915370
78764
372359
340992
631438
945709
899919
835958
983790
22734
90737
171382
898710
129793
147711
121232
256815
606403
235380
822366
248132
156870
974273
801101
671162
699811
73175
621848
161390
863573
85857
595259
460836
458216
936251
92273
403925
354668
928231
906214
377402
18967
77595
276111
148760
225307
915843
924075
350209
151222
746440
598341
826593
720713
917941
497754
939023
991116
638101
618912
854689
723959
214170
315524
182174
150420
926298
104598
505088
373027
10811
400989
391995
88407
677100
59254
832214
592942
983330
182422
262664
248268
299262
89256
968981
217202
105509
426502
726817
743611
45413
100004
986069
259583
415529
168242
928503
860326
791341
952090
233352
802152
353078
143846
409058
548677
203101
759771
660119
704930
942193
922783
471697
759954
530538
959178
977156
636047
385679
222472
898157
949593
322476
884225
727675
256504
570967
656178
116829
362307
126766
350182
682958
998345
494028
92016
65520
215628
851787
725639
439057
312479
166920
910755
72432
697458
869932
568088
852005
255610
790560
750161
723702
113035
152885
451377
369540
723852
626054
486369
86158
271319
836551
769116
269663
849079
379631
335184
64706
231418
579322
503764
62396
746243
414518
134828
962200
802949
702916
814204
577058
493475
82864
300760
125010
235749
752137
494550
959601
378190
499418
564258
649509
854469
851873
437672
703547
231504
291355
286752
981422
870677
790516
43817
616919
723533
178645
97618
526481
400061
911822
103539
412035
994686
922799
537045
748934
674935
550094
708534
571624
568012
791291
739632
422480
643164
695803
644526
874668
987158
931278
374588
857835
240293
418405
993253
482325
115549
90870
527306
34109
2692
149344
446145
515877
72142
983190
264811
747077
51783
491844
837200
619795
283135
95330
42274
926299
791134
205299
319465
778291
655076
694053
636125
413868
630957
629378
896194
265005
720248
423499
299115
241439
91342
745260
275816
163484
246948
540627
429060
298731
550970
266259
437025
834105
361589
997799
760403
152722
203097
598367
449513
376673
810919
85637
790541
441875
233514
686734
706881
472262
628732
524495
232200
720074
269754
508016
402057
35201
567142
831117
852433
118112
615875
289457
952217
977465
287256
231119
648686
8852
829486
616698
385525
640405
220835
176066
600779
454349
381299
826159
445110
528531
350653
677311
767104
138906
185326
169161
174108
752469
518777
26540
870581
134652
834497
341296
630616
640252
572415
797801
649105
920401
414499
553129
79304
635334
247694
680083
608182
628994
506242
53292
676024
375394
249102
443127
514301
952928
130787
206908
705396
649565
751948
94475
784217
586444
954272
933332
226696
526686
731132
394300
447086
145630
465928
526390
299463
713623
724973
426145
861116
749714
479437
537139
125107
247038
498765
157907
199965
629553
364815
423861
279117
116762
36835
581833
221706
991107
515164
966902
517793
764795
879701
483378
428925
345628
528268
728388
577750
253240
154532
438865
521453
152468
494503
646560
399506
511768
804468
117971
141320
687782
541832
938937
323044
97166
39268
544750
88273
72931
511651
124565
837726
909851
607943
266650
255478
654710
995039
833229
426449
668070
790593
947902
339038
803596
594462
738544
315363
917429
375014
975183
123709
435345
914119
446753
532512
471886
510002
620785
544817
540152
745350
382542
450002
871792
649193
705481
45001
162730
57208
471450
349299
366300
419352
688337
688395
13813
945381
3757
449741
320394
497439
573450
755740
411557
538703
288251
401942
48704
427535
946759
588857
691384
329301
557358
81674
496993
262838
126675
659723
838546
598126
9021
723346
17477
215858
411740
549790
161238
415498
518030
481632
431436
609979
755871
842994
148681
562621
763435
715886
990156
710194
823242
200038
39494
380599
281713
536487
161937
926888
714709
518982
525013
242229
242327
60989
458087
654068
129278
619325
588065
647308
619457
19500
257287
375327
380993
924468
937949
144428
640353
446603
854622
463594
646642
412615
362693
446854
467601
524630
373741
700809
43611
417254
943038
285939
478243
919625
458506
607522
