49
169
282
316
567
606
680
742
857
995
1085
1190
1283
1433
1486
1550
1978
1991
2008
2029
2077
2181
2372
2392
2692
2800
2845
2888
3039
3084
3180
3251
3316
3349
3419
3757
3785
3791
3820
3823
4010
4013
4141
4326
4923
5112
5176
5349
5368
5580
5585
5719
6201
6377
6378
6516
6763
6846
6869
7487
7790
8142
8196
8399
8442
8527
8534
8594
8629
8852
8882
9021
9085
9169
9228
9449
9462
9513
9658
9834
9857
10516
10611
10618
10729
10764
10811
10993
11055
11124
11215
11367
11453
11455
11513
11535
11606
11717
12071
12081
12107
12118
12419
12624
12868
12875
12876
12924
13039
13178
13264
13450
13539
13693
13723
13741
13754
13801
13813
13828
13903
13971
14105
14227
14250
14307
14666
14847
14871
15018
15073
15137
15590
15723
15818
15847
15928
16084
16118
16139
16157
16367
16559
16598
16624
16708
16830
16850
16920
16941
17084
17458
17464
17477
17863
17943
18126
18238
18439
18632
18653
18915
18967
19052
19075
19147
19338
19384
19500
19855
20299
20614
20669
20850
20900
20984
21108
21152
21237
21355
21662
21741
21766
21908
21913
21940
22087
22116
22360
22422
22463
22606
22619
22734
22795
22856
22934
22935
23192
23267
23402
23582
23590
23752
23781
24001
24193
24244
24441
24515
24994
25085
25114
25141
25372
25567
25660
25743
25845
25917
25931
25965
26065
26068
26139
26173
26386
26483
26540
26559
26626
26746
26782
26809
26856
27024
27075
27192
27222
27276
27305
27457
27465
27501
27734
28340
28367
28380
28449
28544
28606
28632
29115
29286
29299
29330
29479
29677
29750
29756
29778
29961
29971
30183
30265
30371
30430
30678
30889
30915
31062
31142
31181
31188
31236
31246
31428
31547
31737
31769
31821
31873
31881
32017
32040
32044
32194
32204
32247
32255
32395
32454
32531
33097
33334
33560
33620
33670
33706
33746
33836
33841
33894
33900
34052
34075
34109
34113
34137
34174
34295
34349
34378
34467
34478
34500
34672
34772
34790
35176
35176
35201
35280
35462
35548
35725
35977
36015
36034
36049
36158
36205
36586
36660
36705
36835
37000
37000
37025
37228
37385
37551
37644
37813
37838
37891
37986
38050
38062
38080
38220
38226
38235
38268
38290
38379
38511
38723
38884
38923
39268
39269
39330
39471
39494
39515
39523
39527
39575
39659
39673
39746
39778
39797
39817
39847
39995
40172
40268
40354
40486
40528
40580
40751
40818
40941
41051
41066
41089
41208
41307
41504
41533
41545
41570
41572
41747
41798
41872
41927
42128
42274
42513
42541
42593
42618
42623
42643
42668
42734
42801
42847
42932
42997
43057
43157
43192
43339
43570
43602
43611
43795
43817
43825
43995
44364
44419
44755
44768
45001
45058
45058
45203
45210
45278
45390
45398
45413
45602
45665
46019
46169
46185
46374
46389
46475
46494
46642
46713
46803
46815
46873
46996
47045
47072
47079
47220
47271
47317
47568
47653
47709
47732
47743
47746
47867
47947
47961
47976
48080
48172
48332
48369
48375
48422
48655
48668
48704
48746
48753
49062
49180
49785
49787
49792
49850
49910
49985
49985
50158
50295
50351
50355
50389
50585
50616
50963
50964
51174
51181
51340
51368
51741
51783
51884
51888
51910
51967
52083
52124
52240
52305
52378
52408
52411
52440
52472
52541
52589
52769
52981
53292
53390
53462
53472
53889
53963
53990
54308
54448
54523
54845
54909
55141
55147
55179
55322
55324
55546
55583
55624
55709
55914
55922
55962
55992
56019
56083
56126
56163
56173
56265
56322
56354
56420
56501
56502
56601
56621
56626
56648
56653
56995
57137
57208
57250
57283
57354
57396
57903
57979
58091
58135
58203
58316
58327
58373
58387
58410
58480
58536
58623
58632
58680
58974
59055
59155
59254
59287
59494
59515
59532
59613
59744
59915
59996
60018
60030
60201
60363
60487
60676
60693
60706
60965
60974
60989
61121
61183
61285
61524
61577
61590
61590
61620
61708
61758
61841
61931
61961
61997
62019
62032
62094
62166
62279
62396
62399
62401
62407
62541
62542
62780
62983
63031
63277
63309
63721
63733
63812
63894
64083
64180
64334
64521
64585
64596
64607
64706
64709
64902
64925
65004
65103
65107
65193
65264
65482
65520
65558
65574
65661
65742
65752
65774
65961
65965
65989
66015
66260
66285
66567
66619
66784
66921
67031
67038
67269
67398
67425
67567
67608
67614
67660
67835
67857
68058
68095
68365
68405
68410
68826
69076
69140
69160
69304
69411
69431
69500
69507
69681
69890
70098
70119
70195
70343
70350
70497
70559
70655
70741
70774
70786
70806
71001
71437
71501
71647
71865
72079
72094
72142
72143
72167
72216
72432
72635
72657
72847
72898
72931
73039
73175
73192
73213
73280
73360
73715
73722
73836
73845
73938
73987
74267
74301
74455
74479
74544
74634
74638
74831
74935
74959
75135
75311
75521
75769
76046
76254
76309
76583
76691
76813
76855
77001
77096
77252
77293
77496
77561
77595
77789
77805
77854
77953
78037
78150
78280
78326
78341
78347
78462
78464
78647
78764
78769
78806
79094
79130
79178
79197
79265
79304
79365
79399
79457
79490
79669
79837
79863
79885
79958
80006
80294
80318
80450
80577
80735
80789
80825
80922
80996
81019
81519
81674
81690
81713
81718
81813
82072
82111
82279
82290
82370
82474
82668
82695
82767
82803
82864
82955
83160
83255
83591
83736
83830
84075
84128
84219
84273
84356
84466
84667
84668
84669
84711
84826
85104
85193
85401
85518
85637
85857
85957
85984
86083
86158
86231
86274
86299
86477
86635
86857
86999
87020
87113
87138
87259
87589
87639
87648
87751
87764
87792
87876
87916
87920
87966
88137
88222
88223
88273
88336
88382
88407
88437
88668
88748
88794
88863
88868
89084
89092
89242
89256
89332
89420
89515
90134
90234
90346
90635
90723
90737
90794
90794
90801
90870
90902
90904
91015
91286
91342
91401
91552
91562
91732
91784
91880
91963
92016
92043
92071
92182
92230
92273
92597
92793
93162
93286
93698
93796
93855
93872
93992
94028
94118
94134
94156
94259
94382
94436
94475
94507
94796
94801
94842
95073
95093
95120
95153
95280
95330
95454
95490
95619
95767
95813
95835
95837
95965
95969
96056
96107
96220
96354
96667
96724
96960
97067
97150
97166
97209
97298
97384
97551
97618
97905
98042
98100
98329
98350
98394
98429
98515
98544
98544
98547
98608
98620
98681
98838
99558
99843
99869
100004
100143
100143
100327
100378
100416
100463
100529
100669
100800
100975
101233
101299
101301
101396
101411
101520
101611
101638
101819
101853
101874
101952
102283
102373
102467
102543
102705
102780
103011
103171
103195
103234
103278
103422
103539
103750
103767
103799
103872
103966
104151
104160
104166
104287
104325
104427
104507
104598
104629
104914
104946
105145
105202
105452
105459
105509
105854
105855
106063
106216
106455
106484
106517
106564
106567
106643
106716
107079
107176
107235
107375
107477
107484
107626
107749
107881
108012
108080
108394
108418
108556
108624
108630
108906
108976
108984
109201
109208
109247
109264
109439
109481
109574
109619
109807
109904
109933
109977
110198
110399
110668
110697
110758
110977
111036
111102
111117
111374
111468
111566
111717
111752
111951
111988
112053
112080
112086
112158
112182
112636
112669
112893
112923
113035
113181
113239
113290
113311
113349
113642
113928
113933
114005
114052
114254
114276
114352
114362
114378
114416
115092
115191
115422
115490
115549
115673
115955
116029
116078
116086
116265
116330
116331
116519
116581
116731
116762
116763
116812
116829
116912
116958
117376
117434
117478
117569
117604
117734
117971
118094
118112
118199
118254
118264
118390
118446
118775
118902
118973
118987
119045
119066
119099
119149
119983
120076
120115
120258
120262
120291
120329
120548
120551
120740
121005
121029
121043
121227
121232
121308
121435
121469
121704
121748
121799
121800
121814
121887
121936
121956
122410
122487
122696
122892
122992
123228
123230
123236
123321
123372
123409
123589
123709
123752
124348
124386
124411
124434
124565
124824
124936
125010
125035
125056
125107
125193
125227
125346
125346
125412
125613
125633
125674
125762
125807
125992
125999
126165
126211
126326
126372
126665
126675
126685
126766
126791
126798
126890
126977
127022
127063
127171
127182
127669
127787
127840
127847
127910
128166
128428
128487
128531
128534
128587
129003
129068
129083
129139
129158
129224
129247
129278
129469
129784
129793
129948
129995
130027
130183
130231
130475
130528
130607
130787
130804
130909
131017
131019
131278
131370
131431
131700
131839
131961
131985
132134
132153
132469
132826
133065
133089
133202
133493
133632
133637
133684
133718
133756
133917
134080
134263
134312
134377
134426
134488
134652
134712
134828
134869
134882
134981
135138
135358
135735
135760
135942
135946
136208
136327
136376
136448
136556
136635
136652
136661
136716
136762
136853
136872
137017
137149
137305
137376
137625
138107
138128
138139
138215
138270
138328
138409
138517
138630
138658
138729
138733
138737
138817
138890
138906
138948
139223
139260
139528
139600
139666
139674
139691
139759
140055
140126
141000
141265
141320
141325
141501
141501
141669
141697
141950
141956
142527
143027
143133
143250
143380
143385
143504
143846
143882
143994
144264
144288
144291
144315
144396
144428
144460
144471
144793
144882
144930
144938
145124
145246
145453
145507
145557
145630
145707
145902
145966
145971
145986
146020
146085
146093
146143
146210
146248
146363
146392
146396
146502
146770
146777
146850
147156
147191
147351
147434
147434
147524
147666
147667
147672
147711
147806
147808
147831
148193
148239
148282
148318
148394
148562
148681
148760
148790
148824
149179
149196
149344
149478
149582
149778
149900
150080
150099
150142
150233
150269
150420
150458
150483
150538
150587
150661
150955
151222
151312
151486
151533
151737
151799
151954
151957
152032
152042
152053
152170
152253
152285
152383
152468
152699
152722
152848
152885
152907
152911
153336
153508
153567
153578
153584
153741
153913
153934
153979
154117
154377
154380
154532
154670
154740
154741
154770
154801
154802
154849
155106
155337
155360
155435
155551
155588
155617
155624
155866
155888
156273
156429
156453
156588
156603
156781
156870
156886
157030
157631
157657
157722
157761
157907
158026
158249
158256
158347
158495
158591
158709
158750
158757
158798
158997
159062
159099
159178
159179
159246
159446
159497
159589
159805
159897
159964
160003
160029
160167
160333
160443
160454
160727
160775
160784
160868
160956
160995
161076
161123
161124
161238
161310
161311
161347
161390
161393
161492
161548
161591
161634
161757
161806
161818
161857
161937
162084
162595
162691
162710
162725
162730
163088
163216
163282
163419
163438
163484
163670
163868
163906
163958
164210
164269
164369
164390
164414
164527
164566
164738
164842
164843
165047
165098
165227
165380
165424
165501
165693
165753
165846
165898
166026
166066
166161
166204
166250
166616
166617
166681
166818
166920
166961
166966
166981
167328
167396
167739
167909
168242
168256
168370
168585
168637
168642
168695
168697
168712
168856
169056
169095
169160
169161
169342
169355
169610
169874
170117
170166
170296
170312
170314
170315
170352
170366
170481
170603
170669
170806
170812
170835
170886
171162
171382
171391
171393
171430
171486
171573
171629
171771
171862
171922
172147
172212
172359
172460
172621
172879
172929
172959
173027
173151
173287
173297
173304
173524
173539
173563
173885
174011
174108
174117
174140
174244
174383
174584
174803
174956
175060
175098
175216
175253
175295
175313
175315
175421
175438
175458
175576
175741
175867
176016
176066
176080
176096
176234
176450
176707
177024
177155
177155
177347
177359
177389
177505
177878
177959
177962
177981
178031
178064
178134
178202
178242
178249
178260
178519
178557
178583
178645
178730
179175
179206
179735
179742
179809
180027
180074
180078
180092
180136
180413
180640
180798
180867
181065
181116
181125
181188
181380
181547
181726
181892
182174
182191
182422
182454
182552
182602
182677
182678
182722
182723
182852
182872
182878
182893
182993
182995
183038
183201
183203
183325
183357
183440
183771
183957
183973
183980
183995
184123
184158
184411
184452
184555
184680
184715
184802
184948
185089
185161
185165
185172
185326
185378
185489
185512
185588
185641
185692
186042
186106
186264
186338
186340
186365
186556
186564
186669
186918
187083
187165
187174
187372
187381
187519
187574
187759
187818
187860
188058
188122
188163
188384
188431
188454
188539
188610
188818
188820
188864
188882
188882
189153
189191
189221
189270
189342
189456
189552
189759
189793
189813
189880
190008
190348
190380
190498
190769
190874
190914
190914
190928
191034
191114
191148
191249
191256
191307
191346
191578
191595
191879
191995
192007
192169
192193
192304
192321
192502
192565
192616
192744
192776
192953
193129
193156
193238
193338
193397
193435
193482
193619
193738
193793
193971
194183
194217
194217
194368
194495
194564
194570
194770
194791
194806
194812
194850
194939
195027
195180
195227
195248
195257
195314
195352
195374
195381
195597
195615
195762
195953
195977
195978
196326
196390
196513
196566
196891
197009
197018
197054
197146
197304
197511
197526
197550
197550
197559
197626
197755
197776
197806
197944
197975
198074
198149
198281
198308
198434
198516
198569
198580
198678
198702
198718
198762
198812
198844
198924
199027
199077
199153
199306
199354
199404
199493
199679
199769
199779
199965
200038
200080
200088
200244
200446
201131
201194
201232
201240
201337
201532
201571
201598
201686
201703
201867
202012
202019
202201
202429
202450
202957
203081
203097
203101
203147
203173
203251
203342
203420
203569
203633
203643
203656
203892
204008
204044
204208
204255
204401
204408
204520
204598
204608
204639
204814
205040
205045
205133
205140
205169
205283
205298
205299
205387
205431
205588
205712
205800
205835
205836
205976
206114
206205
206343
206351
206363
206419
206439
206542
206665
206669
206841
206908
206950
206970
206980
207007
207069
207728
207765
207868
207873
207996
208028
208115
208118
208126
208140
208229
208420
208437
208775
208848
208870
209011
209071
209086
209157
209212
209311
209312
209330
209414
209701
209721
209977
210031
210044
210085
210141
210214
210362
210442
210479
210820
210962
211082
211221
211606
211707
211803
212256
212285
212373
212479
212520
212601
212622
212642
212958
213026
213070
213187
213250
213400
213493
213546
213583
213683
213728
213987
214033
214078
214170
214240
214305
214365
214427
214476
214517
214627
214722
214748
214754
214851
215021
215054
215063
215262
215444
215477
215494
215628
215680
215858
215933
216097
216149
216294
216754
216810
216822
216841
216843
216944
216952
217092
217109
217200
217202
217279
217414
217457
217542
217633
217641
217642
217711
217712
218287
218291
218395
218403
218504
218797
218901
218912
219139
219168
219176
219223
219246
219462
219529
219737
219745
219867
220166
220637
220835
220977
221013
221128
221129
221264
221356
221434
221484
221685
221706
221706
221834
221870
221888
222041
222141
222335
222472
222479
222494
222523
222567
222808
222965
223120
223447
223479
223592
223866
223921
223993
224016
224094
224340
224668
224967
225098
225307
225441
225552
225563
225980
226039
226332
226475
226527
226547
226696
226859
226949
226971
227084
227176
227204
227308
227341
227436
227519
227694
227707
227734
227747
227751
227903
228015
228080
228129
228149
228212
228384
228491
228711
228745
228763
228908
228994
229024
229183
229683
229786
229814
230044
230328
230422
230514
230991
231029
231052
231061
231119
231136
231193
231286
231322
231389
231418
231504
231792
231819
231884
231951
232080
232200
232359
232534
232564
232731
232788
232843
232978
233145
233352
233370
233459
233514
233618
233637
233695
233733
233923
233943
234042
234210
234409
234552
234592
234710
234748
234793
234843
235177
235199
235315
235380
235521
235553
235749
235913
235976
236001
236194
236320
236558
236608
236610
236686
236887
237010
237044
237102
237205
237267
237393
237507
237509
237511
237562
237582
237681
237861
237911
237951
238080
238162
238174
238231
238480
238555
239024
239051
239176
239436
239526
239779
240051
240068
240181
240186
240293
240343
240508
240608
240899
241068
241124
241230
241266
241409
241439
241541
241580
241795
241935
242058
242066
242100
242149
242212
242229
242279
242327
242633
242763
242963
243047
243409
243512
243572
243634
243649
243669
243909
244145
244269
244502
244531
244646
244721
244801
244822
244968
245014
245145
245385
245408
245487
245550
245660
245779
245831
245964
246317
246342
246351
246619
246948
247009
247038
247068
247202
247240
247308
247585
247694
247712
247854
248042
248045
248069
248083
248132
248149
248173
248189
248192
248217
248268
248494
248496
248559
248636
248687
248812
248858
248882
248950
248976
249065
249102
249133
249581
249613
249716
249743
249864
249965
250090
250259
250270
250338
250451
250492
250506
250739
250824
250832
250886
250938
251223
251253
251378
251455
251495
251519
251534
251851
251902
252032
252137
252448
252460
252484
252527
252641
252820
252984
253165
253186
253239
253240
253248
253377
253387
253429
253511
253568
253606
253651
253756
253776
253964
254089
254195
254239
254259
254347
254358
254673
254715
254738
254885
254925
255052
255118
255198
255242
255275
255478
255593
255610
255624
255718
255737
255782
255803
255878
255880
256017
256091
256187
256253
256312
256355
256504
256557
256632
256720
256815
256885
257098
257127
257192
257287
257373
257537
257598
257721
257862
257999
258023
258059
258479
258510
258538
259146
259227
259239
259311
259469
259583
259612
259653
259867
259877
260096
260251
260277
260326
260424
260519
260540
260775
260826
260856
260936
260940
261090
261127
261164
261394
261553
261596
261601
261932
262017
262305
262313
262362
262437
262445
262477
262494
262664
262766
262784
262838
262949
263058
263074
263076
263083
263093
263272
263417
263453
263534
263757
263934
264001
264006
264086
264112
264113
264287
264811
265005
265091
265134
265245
265362
265552
265669
265720
265740
265788
265804
265920
266107
266158
266259
266261
266380
266416
266495
266590
266606
266638
266650
266702
266716
266911
266958
267211
267264
267316
267498
267553
267556
267635
267699
267819
267896
267984
267987
268015
268130
268292
268608
268735
268823
268999
269154
269248
269524
269616
269663
269754
269811
270172
270360
270403
270435
270501
270544
270672
270899
271051
271055
271111
271162
271296
271309
271319
271555
271566
271678
271703
271784
271801
271898
271927
271989
272089
272122
272145
272222
272564
272625
272801
272841
272945
273103
273140
273330
273418
273651
273716
273757
273874
274151
274363
274365
274365
274393
274495
274630
274790
275042
275128
275285
275297
275349
275393
275583
275656
275816
275832
275893
276060
276111
276210
276273
276394
276406
276542
276753
276772
276906
277028
277031
277068
277113
277250
277288
277289
277309
277364
277397
277638
277877
278097
278109
278452
278564
278595
278742
278747
278766
278812
278835
278853
278952
278969
279117
279162
279376
279396
279518
279647
279846
280057
280128
280176
280183
280322
280682
281064
281713
281758
282003
282112
282237
282399
282570
282809
283042
283135
283154
283164
283337
283442
283448
284224
284736
284837
285060
285229
285499
285557
285590
285600
285606
285753
285939
285939
286120
286444
286572
286752
286795
286833
286844
286908
286939
287025
287038
287043
287192
287253
287256
287271
287395
287418
287422
287506
287579
287893
287924
288012
288251
288252
288628
288785
288893
288896
288984
289447
289452
289457
289643
289969
290042
290082
290202
290217
290260
290321
290336
290371
290392
290435
290624
290744
290749
290832
291355
291553
291658
291738
291775
292461
292644
292701
292908
293008
293078
293104
293136
293179
293221
293318
293324
293546
293690
293841
293906
294070
294101
294156
294182
294232
294306
294330
294423
294485
294850
294888
294894
294906
294920
294982
294996
295275
295421
295453
295495
295536
295583
295650
296030
296127
296973
297007
297291
297423
297463
297488
297597
297757
297807
297957
298010
298059
298113
298232
298516
298532
298566
298591
298642
298731
298919
298964
298964
299015
299022
299031
299094
299115
299191
299256
299262
299329
299355
299447
299463
299604
299645
299791
299853
299945
300153
300198
300202
300425
300455
300480
300745
300760
300858
300873
300939
300955
301091
301214
301238
301281
301380
301488
301687
301914
302107
302257
302334
302448
302838
302918
303025
303073
303177
303214
303446
303613
303696
303850
303955
304064
304130
304222
304226
304575
304629
304713
304744
304884
304923
304976
305023
305051
305227
305423
305428
305511
305636
305651
305867
306227
306245
306336
306337
306344
306471
306484
306590
306594
306766
307151
307235
307304
307617
307702
307820
307868
308144
308311
308365
308867
308871
308904
309035
309775
309851
309981
310289
310450
310512
310562
310597
310640
311181
311205
311284
311731
311798
311814
311822
311986
312307
312479
312533
312674
312701
312786
312901
312990
312991
313001
313038
313118
313285
313503
313565
313686
313737
314081
314207
314236
314240
314284
314414
314531
314675
314763
314893
315041
315088
315193
315213
315321
315363
315524
315709
315827
315865
316058
316127
316290
316533
316600
316673
316677
316789
316948
317062
317184
317352
317394
317463
317525
317552
317653
317746
318000
318063
318158
318210
318479
318525
318948
318967
319074
319165
319393
319465
319657
319727
319825
319858
319885
319955
319961
320040
320253
320294
320358
320368
320394
320418
320432
320468
320492
320604
320659
320694
320763
320769
320807
320895
320910
321008
321146
321227
321299
321304
321447
321458
321481
321484
321485
321497
321714
321724
321793
321877
321899
321995
322059
322193
322476
322633
322643
322708
322803
322897
322950
323044
323236
323458
323472
323476
323490
323502
323523
323774
323791
323871
324134
324206
324252
324533
324648
324759
324847
325014
325084
325087
325094
325140
325166
325450
325453
325643
325679
325741
325831
325916
325949
325952
326029
326182
326219
326226
326232
326378
326533
326654
326794
326957
327024
327027
327081
327358
327371
327440
327668
327798
327814
327894
327909
328076
328146
328596
328620
328626
328970
329301
329383
329419
329570
329651
329759
330108
330148
330754
330761
330775
330831
331158
331161
331186
331459
331490
331502
331842
331933
331979
332121
332186
332220
332224
332248
332442
332523
332849
332913
332924
332925
332971
333005
333014
333123
333208
333307
333309
333372
333376
333494
333755
333798
333835
333923
333960
334053
334082
334404
334429
334491
334500
334531
334634
334811
334825
334958
334989
335077
335102
335124
335150
335184
335185
335231
335341
335381
335408
335474
335637
335665
335787
335802
335836
335837
336186
336248
336933
336936
337055
337114
337915
337963
338187
338288
338329
338426
338444
338768
338951
339026
339038
339256
339398
339565
339588
339615
339626
339646
339712
339721
339722
340098
340231
340267
340617
340684
340782
340798
340820
340832
340898
340928
340977
340992
341296
341370
341399
341493
341758
341809
341818
341928
341952
342100
342175
342222
342300
342513
342669
342739
342871
342987
343042
343279
343356
343414
343505
343538
343739
343768
343881
343931
343995
344159
344160
344408
344426
344483
344525
344653
344672
344919
345007
345076
345126
345133
345382
345509
345563
345628
345630
345754
345786
345847
345873
346104
346122
346271
346548
346564
346594
346625
347016
347181
347267
347866
347891
347918
348388
348504
348691
349049
349293
349299
349334
349525
349720
349852
349916
350053
350168
350182
350205
350209
350335
350380
350460
350563
350652
350653
350699
350716
350857
351021
351062
351101
351215
351367
351369
351489
351645
351808
351856
352032
352119
352133
352233
352244
352399
352445
352528
352586
352590
352895
352926
352944
353005
353062
353078
353178
353386
353397
353592
353706
353811
353990
354158
354352
354439
354510
354668
354688
354798
354913
355251
355403
355424
355431
355590
355748
355770
355797
355881
355935
355999
356320
356349
356361
356393
356584
356613
356701
357011
357160
357308
357342
357384
357476
357542
357555
357706
357769
357825
357945
358021
358044
358080
358095
358109
358173
358209
358319
358429
358522
358772
358815
358839
359038
359118
359136
359138
359206
359246
359582
359628
359686
359812
360043
360047
360350
360365
360381
360476
360494
360572
360637
360671
360791
360883
361161
361358
361399
361415
361520
361589
361667
361736
361795
361800
361811
361835
362029
362307
362582
362693
362971
363015
363080
363353
363380
363494
363528
363685
363820
363882
364048
364108
364307
364354
364399
364415
364486
364536
364770
364815
365073
365151
365173
365271
365287
365300
365446
365491
365637
365685
365704
365842
365842
365881
366025
366186
366300
366363
366418
366530
366703
367041
367062
367080
367239
367261
367267
367311
367473
367553
367851
367907
367908
368067
368310
368375
368537
368903
368939
369226
369301
369381
369540
369603
369799
370119
370429
370504
370538
370588
370616
370635
370656
370701
370716
370868
371046
371049
371076
371173
371184
371210
371217
371286
371301
371411
371555
371690
371814
372359
372404
372468
372507
372771
372873
373008
373027
373066
373121
373125
373236
373393
373630
373741
373771
373818
373870
374047
374061
374106
374153
374217
374281
374559
374588
374613
374855
375004
375014
375048
375071
375200
375207
375222
375311
375327
375366
375372
375374
375394
375685
375703
375720
375723
375799
375920
375943
375955
376121
376188
376251
376259
376379
376388
376430
376621
376673
376751
376884
377042
377118
377177
377402
377870
377965
378073
378139
378190
378483
378720
378747
378817
378972
379099
379256
379439
379631
379730
379752
379840
379929
379984
380009
380114
380129
380172
380251
380336
380356
380582
380599
380993
381032
381239
381243
381294
381299
381361
381875
381886
381994
382093
382133
382340
382459
382542
383032
383044
383117
383274
383290
383386
383426
383480
383711
383733
383783
383811
384105
384107
384330
384349
384563
384655
384671
384732
384749
384852
384869
385012
385043
385121
385306
385363
385496
385525
385602
385679
385813
385835
385911
385916
385923
385927
386008
386035
386047
386060
386270
386318
386328
386535
386644
386678
386695
386899
386987
387088
387168
387181
387185
387196
387199
387233
387274
387421
387425
387459
387598
387734
387802
388221
388652
388941
388972
389023
389128
389252
389324
389515
389637
389717
389799
389918
390021
390133
390133
390320
390452
390591
390637
390639
390800
390801
390885
390910
390978
391008
391305
391315
391431
391610
391693
391725
391806
391818
391995
392002
392216
392235
392371
392384
392875
392922
392965
393002
393369
393594
393830
393979
394081
394159
394246
394300
394308
394489
394624
394662
394919
395137
395148
395173
395288
395364
395505
395851
395979
395992
396046
396072
396155
396189
396556
396932
396942
397028
397068
397122
397148
397293
397541
397572
397829
397896
397964
397983
398026
398070
398234
398339
398506
398727
398813
398936
399077
399088
399366
399392
399506
399716
399991
400019
400061
400177
400240
400380
400420
400422
400453
400466
400774
400841
400883
400933
400942
400989
400995
401010
401018
401072
401171
401242
401295
401435
401460
401560
401746
401821
401883
401921
401942
402057
402075
402363
402562
402637
402972
403005
403138
403433
403448
403527
403854
403881
403925
403930
403978
403983
404107
404119
404224
404330
404594
404702
404872
404893
404896
405022
405073
405153
405333
405574
405605
405629
405675
405811
405867
405894
405934
406016
406034
406149
406421
406500
406750
406752
406764
406783
406888
406990
407099
407139
407257
407302
407536
407981
407996
408051
408092
408130
408327
408456
408461
408590
408612
408616
408644
408707
408874
409058
409125
409150
409214
409237
409249
409371
409401
409410
409417
409463
409470
409490
409636
409715
409992
410097
410160
410292
410453
410500
410516
410586
410654
410835
411297
411377
411389
411445
411557
411628
411639
411650
411699
411704
411715
411740
411920
411938
412035
412100
412120
412147
412156
412345
412365
412494
412563
412591
412615
412628
412642
412669
412794
412867
412885
412933
413041
413080
413176
413178
413254
413562
413581
413868
413921
413941
414083
414159
414196
414280
414288
414311
414359
414412
414462
414490
414499
414518
414787
414790
415033
415037
415120
415151
415251
415252
415322
415334
415498
415529
415607
415712
415872
415999
416090
416294
416470
416634
416732
416748
416759
416786
416927
416947
417098
417135
417237
417241
417243
417254
417340
417361
417525
417631
417703
417714
417805
417811
417948
417981
417999
418067
418076
418080
418104
418178
418255
418405
418436
418754
418841
418927
418930
418989
419160
419279
419329
419347
419352
419463
419764
419875
419893
420074
420112
420243
420272
420280
420395
420416
420425
420468
420528
420548
420608
420975
420995
421258
421354
421365
421370
421452
421705
421753
421759
421764
421776
422051
422217
422285
422480
422677
422737
423064
423277
423362
423407
423466
423487
423499
423651
423652
423679
423727
423861
423868
424087
424095
424122
424230
424498
424539
424577
424753
424769
424837
424916
424968
424986
425009
425038
425152
425315
425357
425432
425600
425608
425619
425623
425864
425881
425889
426145
426162
426210
426434
426449
426452
426502
426695
426709
426711
426782
426804
426830
426931
427138
427356
427532
427535
427938
427941
428249
428404
428653
428747
428795
428852
428880
428925
428958
428981
428994
429060
429126
429150
429214
429277
429441
429661
429663
429851
430080
430139
430153
430290
430535
430730
430771
430889
430956
431110
431141
431171
431236
431253
431402
431436
431498
432081
432084
432186
432214
432221
432336
432589
432769
432804
432817
432995
433060
433362
433453
433536
433686
433750
433758
434029
434055
434122
434219
434598
434659
434876
434974
435042
435058
435225
435285
435345
435418
435488
435492
435520
435776
435790
435957
436200
436263
436353
436411
436519
436638
436788
436806
436924
437025
437047
437142
437244
437338
437424
437509
437567
437672
437704
437971
437989
437997
438306
438390
438462
438529
438751
438856
438865
439057
439228
439315
439408
439450
439773
439969
440193
440228
440269
440477
440496
440589
440874
440985
441081
441170
441231
441423
441461
441761
441840
441841
441875
442009
442230
442329
442497
442502
442610
442613
442656
442988
443031
443127
443143
443174
443215
443341
443429
443520
443690
443843
444099
444198
444209
444254
444300
444420
444502
444734
444760
444920
444972
445046
445067
445110
445308
445357
445363
445396
445551
445651
445773
445966
446062
446139
446145
446231
446273
446511
446581
446603
446670
446741
446753
446854
447012
447086
447138
447142
447231
447260
447261
447320
447343
447383
447400
447431
447662
447725
447772
447786
448090
448091
448280
448412
448749
448788
448791
448870
449056
449245
449268
449411
449455
449459
449465
449477
449513
449544
449739
449741
449752
449899
449947
450002
450077
450145
450174
450284
450541
450582
450855
450990
451124
451248
451272
451317
451365
451377
451675
451719
451871
452122
452125
452157
452352
452401
452656
452697
452721
452896
452974
453489
453743
453746
453790
453824
453871
453920
454197
454264
454349
454376
454429
454433
454510
454553
454565
454612
454739
454746
454937
455037
455184
455224
455697
455730
455737
456027
456179
456230
456238
456532
456571
456607
456615
456658
456704
456730
456823
457009
457257
457263
457337
457360
457562
457723
457943
457944
458005
458051
458067
458087
458112
458117
458179
458189
458216
458290
458382
458444
458506
458662
458689
458769
458797
458982
459290
459309
459312
459553
459771
459912
459995
460051
460229
460331
460353
460382
460391
460442
460444
460469
460479
460696
460703
460836
460928
460960
461084
461340
461362
461473
461580
461747
461906
461934
462109
462147
462291
462630
462686
463077
463128
463138
463160
463508
463594
463728
463739
463960
464050
464136
464189
464324
464331
464409
464454
464462
464617
464666
464731
464837
464841
464989
465062
465137
465295
465432
465446
465557
465652
465697
465739
465877
465928
465986
466061
466259
466316
466474
466519
466530
466608
466709
466795
466814
466870
467041
467202
467475
467601
467655
467685
467694
467807
468020
468121
468143
468163
468205
468255
468384
468514
469533
469572
469766
469897
470065
470172
470254
470311
470477
470574
470696
471054
471290
471371
471436
471450
471504
471513
471514
471575
471588
471639
471697
471886
471892
471940
472013
472026
472119
472148
472262
472315
472391
472864
472900
472924
472932
473013
473094
473224
473225
473228
473262
473334
473358
473487
473700
473804
473956
474107
474182
474341
474417
474629
474699
474734
474738
474988
475001
475024
475147
475483
475593
475615
475964
475966
475978
476048
476122
476386
476509
476525
476533
476619
476702
476736
476752
477083
477139
477200
477271
477283
477313
477343
477437
477482
477509
477618
477637
477791
477798
478243
478360
478431
478791
478870
478945
479288
479334
479342
479345
479375
479437
479552
479748
479821
479843
480029
480107
480143
480152
480179
480217
480233
480259
480409
480722
480855
480965
481136
481166
481260
481309
481451
481461
481465
481537
481539
481632
481655
481749
481783
481832
481927
481980
482145
482244
482325
482339
482350
482449
482699
482898
482925
483062
483186
483190
483333
483378
483432
483434
483446
483450
483562
483713
483808
483993
484068
484143
484300
484372
484450
484472
484609
484638
484756
484916
484936
485035
485192
485193
485209
485504
485632
485723
485815
485873
485896
485924
485933
486322
486369
486430
486466
486724
486803
486844
486848
487021
487106
487159
487279
487313
487647
487709
487733
487813
487906
488005
488107
488147
488155
488183
488210
488299
488320
488548
488604
488648
488677
488689
488771
489140
489143
489366
489562
489570
489800
489979
490061
490180
490327
490570
490652
490683
490807
490846
490941
491061
491177
491211
491228
491252
491284
491346
491414
491570
491619
491689
491727
491755
491844
492020
492197
492279
492400
492415
492608
492846
493012
493024
493133
493223
493254
493399
493423
493437
493475
493527
493635
493805
493930
493934
493991
493997
494028
494067
494479
494503
494550
494663
494712
494916
494922
495157
495207
495243
495287
495512
495538
495639
495728
495796
496026
496111
496239
496375
496379
496449
496531
496545
496552
496612
496680
496803
496993
497146
497265
497439
497498
497514
497528
497622
497651
497738
497748
497754
497808
497872
497965
498089
498125
498256
498276
498395
498434
498579
498728
498765
498924
498934
499241
499289
499352
499418
499700
499770
499776
499840
499908
499938
500074
500306
500368
500395
500606
500660
500692
500712
500733
500779
500801
500838
501017
501065
501097
501098
501102
501228
501453
501664
501805
501942
501995
502045
502135
502187
502230
502251
502276
502307
502311
502434
502577
502686
502728
502804
503011
503086
503112
503203
503666
503741
503741
503764
503837
503948
503976
503978
504210
504419
504474
504502
504655
504670
504789
504892
504917
505053
505088
505100
505134
505238
505345
505378
505588
505624
505693
505770
505773
505964
505972
506178
506242
506314
506345
506583
506828
506892
507175
507789
507828
508016
508077
508189
508280
508480
508601
508636
508650
508696
508747
508753
508769
508853
508937
508972
509127
509160
509385
509417
509567
509569
509865
509874
509939
509994
510002
510008
510080
510223
510319
510319
510338
510348
510530
510696
510824
511061
511116
511466
511524
511552
511561
511651
511768
511896
511959
512039
512310
512483
512820
512828
513235
513350
513408
513466
513490
513801
513848
513961
514173
514279
514292
514301
514393
514589
514736
514772
514824
514874
514921
515001
515030
515048
515160
515164
515189
515267
515511
515571
515877
515986
516053
516421
516482
516501
516518
516747
516878
516900
516926
517024
517096
517207
517249
517324
517330
517417
517578
517703
517793
517928
517944
518030
518171
518248
518322
518525
518675
518746
518777
518782
518849
518885
518898
518957
518964
518982
519044
519050
519117
519117
519262
519335
519708
519783
519855
519953
520046
520080
520177
520557
520578
520678
520756
520767
520954
521124
521201
521379
521391
521453
521487
521910
521953
522514
522546
522567
522596
522599
522608
522825
522892
522900
522960
523026
523168
523301
523340
523366
523416
523433
523558
523627
523693
523859
523871
523904
523929
524345
524346
524386
524495
524503
524541
524553
524630
524861
525013
525134
525344
525353
525372
525651
525758
525775
525989
525996
526120
526148
526234
526343
526365
526390
526396
526481
526686
526752
526810
526942
526947
527046
527072
527119
527180
527306
527334
527576
527889
527893
527936
527949
528132
528268
528294
528348
528352
528484
528485
528512
528531
528555
528591
528722
528870
528877
529135
529173
529298
529352
529504
529695
529719
529754
529758
529871
530252
530279
530285
530400
530420
530468
530499
530538
530553
530571
530632
530852
530905
530923
531128
531160
531180
531260
531547
531619
531761
531932
531991
532191
532257
532299
532378
532429
532434
532512
532529
532609
532699
532748
532794
532873
533003
533107
533218
533254
533312
533407
533672
533707
533845
534032
534134
534315
534320
534387
534884
534918
535168
535211
535340
535455
535564
535596
535619
535728
535737
535831
535850
535908
535999
536079
536175
536487
536507
536561
536734
536792
536811
536906
537045
537139
537180
537202
537206
537488
537636
537653
537732
537770
537830
537936
538088
538090
538257
538267
538353
538382
538489
538703
538736
538876
539076
539106
539153
539222
539497
539672
539676
539793
539893
539976
540152
540156
540181
540420
540435
540627
540654
540933
541015
541193
541617
541703
541832
542014
542047
542220
542233
542334
542466
542704
542992
543005
543020
543060
543098
543112
543273
543459
543489
543509
543519
543656
543785
543864
543946
543974
544047
544082
544216
544311
544441
544476
544509
544722
544750
544817
544968
545301
545789
545795
545991
546008
546008
546062
546121
546139
546153
546213
546230
546290
546404
546405
546491
546677
546732
546846
546972
546976
546988
547225
547257
547289
547295
547413
547600
547620
547700
547717
547739
547994
547997
548147
548155
548240
548260
548265
548503
548579
548635
548677
548766
548799
549072
549130
549173
549281
549489
549493
549536
549550
549779
549790
549965
550025
550094
550197
550273
550366
550403
550620
550679
550737
550970
551068
551146
551161
551323
551478
551503
551508
551641
551868
551870
551985
552104
552119
552342
552492
552498
552731
552807
552969
553058
553118
553119
553129
553165
553184
553363
553668
553684
553884
553932
554279
554334
554402
554608
554827
554829
554893
554907
555339
555360
555633
555749
555857
555905
555946
556059
556264
556406
556482
556582
556819
556836
556843
556928
556971
557013
557029
557268
557358
557398
557485
558018
558036
558083
558219
558293
558322
558431
558927
559198
559202
559238
559241
559669
559795
559799
559822
559852
559861
559949
560362
560426
560464
560728
560748
560810
560959
560977
561013
561239
561239
561306
561322
561568
561585
561613
561658
561660
561695
561803
561834
561937
562361
562446
562549
562602
562621
562629
562638
562641
562732
562797
562803
562837
563107
563122
563131
563166
563221
563223
563298
563348
563420
563422
563720
563740
563781
563809
563851
563889
564027
564157
564258
564278
564285
564588
564608
564677
564736
564832
564906
565042
565092
565284
565426
565426
565535
565551
565748
565889
566037
566216
566394
566396
566448
566523
566751
566965
567077
567142
567212
567660
567887
567966
568012
568088
568223
568385
568413
568417
568424
568442
568447
568468
568476
568632
568770
568884
569047
569138
569177
569208
569244
569433
569460
569501
569523
569594
569651
569889
570108
570194
570347
570352
570450
570520
570559
570642
570681
570740
570759
570819
570849
570967
571165
571171
571238
571563
571580
571624
571830
571848
571938
571944
571987
572075
572162
572172
572294
572372
572415
572443
572577
572581
572646
573202
573231
573255
573281
573336
573350
573358
573377
573450
573464
573548
573584
573619
573631
573669
573857
574140
574171
574251
574267
574283
574316
574329
574344
574349
574387
574452
574598
574693
574863
575179
575240
575474
575501
575573
575777
575858
576000
576248
576410
576431
576501
576505
576560
576590
576605
576618
576753
576814
576843
576902
577058
577130
577239
577300
577750
577804
577860
578143
578255
578374
578382
578453
578612
578678
578776
578828
579072
579175
579233
579322
579361
579369
579528
579541
579694
579895
580207
580323
580581
580680
580800
580934
580934
581111
581169
581218
581445
581460
581578
581820
581833
582005
582039
582114
582143
582160
582220
582251
582360
582390
582917
582960
583332
583334
583427
583447
583674
583714
583794
583876
583954
584112
584194
584252
584410
584446
584482
584562
584606
584819
584872
584954
585214
585215
585227
585296
585306
585415
585565
585628
585834
585944
586180
586372
586431
586444
586568
586578
586620
586687
586744
586892
587056
587137
587227
587282
587417
587835
588065
588200
588246
588294
588406
588495
588583
588592
588712
588857
588973
589034
589378
589426
589487
589509
589568
589673
589842
589974
590031
590307
590575
590581
590588
590630
590631
590702
590940
591004
591106
591147
591181
591254
591382
591472
591489
591534
591732
591773
591850
591862
591936
592031
592044
592155
592160
592351
592505
592637
592942
592985
593017
593056
593324
593389
593389
593726
593738
594033
594068
594106
594125
594168
594194
594213
594233
594241
594296
594405
594462
594485
594601
594710
594717
594735
594818
594847
595259
595648
595703
595722
595771
595866
595960
595978
595989
596028
596240
596250
596288
596489
596684
596699
597000
597044
597084
597107
597126
597129
597188
597234
597267
597304
597522
597637
597773
597880
597933
597954
598126
598217
598341
598367
598467
598511
598553
598686
598817
599135
599449
599563
599564
599603
599648
600016
600047
600130
600133
600237
600287
600452
600480
600506
600519
600779
600835
601357
601643
601699
601844
601854
601967
601972
602109
602116
602191
602273
602288
602336
602606
602858
603055
603156
603217
603256
603278
603682
603686
603708
603847
604129
604201
604317
604622
604651
604690
604699
604835
604998
605274
605340
605581
605583
605659
605835
605881
606028
606172
606288
606388
606403
606522
606827
606860
606968
607043
607367
607460
607522
607630
607766
607805
607943
607953
608005
608168
608182
608186
608565
608666
608689
608746
608977
609005
609189
609296
609301
609439
609711
609711
609753
609942
609979
610023
610497
610513
610514
610528
610673
610903
610913
610915
610925
611018
611067
611091
611123
611187
611267
611283
611286
611713
611713
611789
611904
611975
612047
612049
612066
612269
612316
612394
612423
612463
612543
612593
612752
612832
613092
613426
613522
613535
613542
613669
613755
613811
613821
613901
614089
614278
614324
614455
614588
614687
614706
614758
614759
614805
614983
615144
615318
615396
615402
615446
615586
615642
615663
615760
615778
615835
615875
615961
616149
616252
616318
616373
616557
616585
616594
616655
616698
616890
616919
617051
617299
617361
617492
617545
617620
617753
617867
617900
618003
618471
618496
618578
618580
618657
618912
619006
619043
619325
619457
619600
619640
619647
619762
619795
619818
619852
619967
619996
620097
620112
620113
620226
620326
620356
620423
620704
620785
620835
620902
620903
621032
621154
621328
621365
621371
621427
621442
621452
621496
621649
621747
621834
621848
621956
621965
622075
622108
622124
622448
622651
622861
622969
622977
623231
623244
623255
623409
623533
623545
623642
623904
624050
624131
624254
624303
624498
624533
624538
624554
624554
624590
624629
624638
624705
624759
624777
624808
624912
624967
625063
625126
625188
625329
625345
625421
625595
625669
625673
625886
625962
625993
626054
626217
626459
626776
626823
626841
627128
627166
627233
627315
627528
627714
628194
628286
628394
628533
628591
628732
628994
629131
629156
629301
629329
629378
629459
629479
629507
629542
629553
629640
629648
629726
629840
629913
629991
630151
630176
630211
630250
630440
630569
630616
630738
630763
630858
630887
630957
631014
631071
631139
631289
631304
631357
631438
631573
631713
631911
631922
631937
632077
632192
632301
632455
632457
632502
632639
632680
632705
632707
632798
632823
632867
633172
633264
633267
633343
633364
633380
633408
633453
633611
633615
633677
634076
634179
634405
634441
634445
634508
634548
634575
634590
634718
635192
635195
635201
635219
635290
635334
635345
635371
635438
635466
635664
635834
636047
636125
636132
636197
636323
636359
636658
636684
637010
637018
637071
637083
637102
637151
637281
637282
637366
637547
637570
637745
637745
637757
637801
637937
638101
638156
638326
638347
638424
638827
639011
639173
639174
639297
639431
639441
639505
639546
639557
639643
639662
639710
639778
640017
640175
640198
640232
640252
640353
640369
640405
640453
640564
640576
640605
640968
641402
641416
641529
641562
641730
641734
641791
641912
642253
642366
642451
642495
642865
642972
642989
643057
643164
643183
643384
643462
643692
643821
643918
644235
644497
644526
644577
644685
644896
644919
644938
645035
645435
645441
645568
645590
645638
645797
645854
646161
646211
646360
646421
646545
646545
646560
646642
646670
646699
646741
646761
646966
647010
647028
647236
647308
647375
647784
647799
647912
648008
648065
648148
648307
648608
648634
648686
648698
648922
649080
649105
649151
649193
649255
649369
649394
649409
649476
649509
649565
649658
649665
649680
649817
650065
650270
650320
650335
650673
650680
650835
650844
650860
650891
650956
651338
651381
651847
652151
652204
652302
652546
652625
652712
652727
652838
652891
653145
653260
653268
653366
653399
653536
653576
653616
653688
653724
653725
653794
653822
653885
653975
654068
654125
654176
654188
654189
654243
654423
654447
654462
654668
654710
654825
654996
655076
655141
655205
655265
655274
655968
656178
656263
656429
656503
656537
656571
656703
656791
656889
656913
657341
657720
657966
658054
658226
658249
658317
658441
658677
658761
658970
659158
659269
659353
659464
659723
659764
659806
659896
659938
660119
660160
660213
660225
660303
660473
660661
660710
660795
660869
660905
661044
661054
661165
661430
661556
661754
661804
662058
662187
662261
662269
662310
662332
662688
662696
662832
663044
663093
663099
663232
663267
663368
663369
663462
663742
663813
663886
663928
664017
664311
664332
664397
664399
664418
664890
664936
664961
665028
665037
665065
665136
665204
665218
665400
665423
665522
665536
665690
666123
666131
666139
666204
666277
666380
666383
666483
666717
666739
666818
666827
666896
666961
666992
667053
667173
667323
667422
667518
667645
667808
668047
668051
668052
668062
668070
668160
668175
668220
668376
668435
668626
668666
668999
669094
669118
669158
669171
669196
669225
669244
669268
669349
669438
669601
669837
669867
669877
670136
670156
670196
670466
670596
670681
670813
671033
671162
671225
671286
671327
671341
671351
671654
671780
671781
671847
671890
671892
671929
672036
672266
672333
672451
672570
672750
672828
673038
673090
673166
673181
673240
673266
673900
673959
674282
674354
674431
674572
674630
674647
674754
674754
674762
674848
674935
675000
675219
675233
675503
675598
675629
675734
675754
675950
675983
676024
676204
676211
676338
676559
676568
676612
676709
676824
676899
677099
677100
677148
677311
677322
677455
677593
677713
677744
677832
677833
677838
678062
678290
678375
678404
678406
678550
678573
678591
678788
678914
678989
679022
679121
679128
679142
679185
679360
679463
679546
679632
679869
679979
680007
680012
680075
680083
680414
680564
680678
681007
681053
681204
681244
681452
681458
681504
681621
681716
681750
681823
681946
682015
682097
682108
682115
682187
682264
682337
682404
682615
682622
682852
682958
683133
683138
683274
683335
683746
683793
683909
683911
683921
683922
684415
684670
684844
684923
685158
685238
685325
685433
685528
685884
685948
686044
686170
686303
686430
686496
686527
686605
686619
686691
686734
686740
687028
687063
687685
687750
687782
687974
688072
688172
688337
688339
688385
688395
688419
688676
688755
688819
689054
689090
689108
689140
689202
689401
689549
689576
689646
689687
689963
690154
690220
690384
690387
690412
690491
690492
690568
690747
690808
690888
690919
691086
691096
691182
691202
691239
691314
691377
691384
691496
691513
692138
692172
692319
692329
692358
692408
692423
692474
692567
692582
692942
693063
693632
693642
693694
693759
693980
694008
694021
694053
694346
694381
694550
694578
694731
694745
694763
694995
695050
695509
695734
695803
695900
695947
696040
696194
696250
696400
696458
696484
696582
696657
696736
696757
696837
696877
696909
697039
697331
697396
697441
697458
697477
697812
697891
697897
697952
698022
698043
698082
698112
698136
698186
698214
698219
698442
698733
698740
699162
699442
699541
699557
699618
699623
699811
699821
699828
699844
699898
699914
700053
700087
700134
700184
700434
700496
700565
700616
700737
700809
701147
701508
701550
701794
701948
701950
702013
702118
702273
702274
702281
702347
702667
702737
702856
702916
702925
702995
703018
703381
703418
703501
703521
703547
703552
703561
703619
703738
703907
703922
703936
703987
704146
704195
704218
704244
704481
704516
704575
704575
704785
704912
704930
704945
705087
705112
705154
705396
705464
705481
705584
705647
705744
705892
705893
706160
706222
706241
706317
706364
706389
706414
706522
706599
706601
706646
706649
706811
706833
706881
706939
706987
707007
707020
707030
707102
707203
707367
707394
707441
707680
707692
707899
707918
708103
708256
708304
708340
708534
708610
708716
708721
708777
708933
708970
709289
709293
709404
709467
709614
709866
710187
710194
710382
710777
710874
710935
711004
711064
711088
711241
711310
711341
711361
711379
711463
711754
711973
712127
712154
712218
712241
712301
712319
712399
712574
712698
712752
712916
712943
713076
713235
713266
713394
713515
713515
713535
713560
713571
713623
713662
713665
713828
713846
713914
713960
714049
714091
714500
714709
714815
714838
714845
714864
714894
715106
715139
715172
715218
715274
715330
715342
715386
715849
715886
715934
715970
716148
716314
716319
716478
716604
716681
716706
716753
716821
716905
716906
716967
717008
717011
717090
717216
717235
717427
717478
717552
717748
717912
717991
718004
718026
718297
718362
718651
718685
718727
718869
718974
718978
718993
719074
719089
719159
719446
719499
719712
719727
719757
719843
719933
719950
720002
720074
720077
720107
720175
720248
720333
720463
720526
720543
720711
720711
720713
720757
720891
720949
721148
721176
721230
721373
721398
721449
721579
721656
721666
721689
721699
721859
722016
722077
722197
722219
722423
722532
722584
722662
722696
722753
722788
722880
723072
723099
723156
723205
723346
723392
723426
723508
723533
723679
723702
723848
723852
723884
723959
724023
724114
724115
724189
724296
724303
724326
724503
724632
724692
724744
724911
724973
725073
725113
725147
725336
725364
725538
725632
725633
725639
725671
725743
725989
726005
726423
726602
726817
726881
726988
727103
727137
727154
727154
727163
727265
727314
727635
727675
727904
727943
727967
728190
728281
728320
728362
728388
728454
728472
728992
729126
729292
729509
729560
729629
729682
730003
730076
730126
730231
730957
731010
731083
731132
731192
731204
731365
731902
732074
732225
732339
732344
732430
732531
732649
732790
732897
732923
732962
732985
733246
733353
733438
733481
733503
733511
733512
733529
733600
733649
733716
733760
733828
733834
734017
734057
734129
734139
734169
734319
734392
734480
734606
734808
734815
734984
735095
735396
735586
735843
735898
735929
735944
735970
735983
735991
736034
736084
736131
736281
736297
736862
736933
737061
737232
737457
737657
737672
737762
737814
737815
737821
738006
738329
738366
738544
738553
738657
738774
738825
738914
738962
738964
739059
739067
739398
739460
739632
739802
739889
739932
739948
740154
740176
740280
740541
740643
740789
740831
741156
741266
741335
741505
741712
741789
741887
741927
742206
742312
742469
742646
742723
742802
742897
743024
743099
743196
743196
743301
743348
743535
743569
743611
743654
743892
743896
744259
744420
744432
744459
744502
744548
744787
745013
745260
745278
745278
745350
745354
745441
745549
745556
745718
745836
746082
746243
746248
746264
746265
746335
746340
746440
746503
746699
746853
747054
747077
747240
747383
747458
747499
747596
747639
747700
747735
747844
747900
747963
748025
748049
748052
748302
748367
748585
748934
748978
748988
749013
749021
749056
749372
749385
749468
749714
749719
750041
750161
750276
750560
750616
751063
751294
751514
751772
751836
751864
751930
751948
751949
752123
752137
752199
752431
752469
752539
752559
752856
752858
752912
753158
753160
753391
753397
753484
753576
753764
753873
753919
754015
754052
754086
754282
754418
754553
754623
754802
754867
754892
754910
754987
755035
755087
755106
755113
755166
755335
755547
755550
755623
755715
755740
755871
755927
755938
755956
755988
756053
756057
756073
756192
756220
756458
756524
756790
756816
757326
757657
757857
757864
757971
757983
758045
758324
758345
758373
758410
758599
758615
758685
758747
758843
758847
759131
759202
759392
759462
759654
759682
759701
759749
759771
759948
759954
760048
760121
760306
760312
760403
760471
760491
760589
760620
760674
760716
760799
760859
761106
761385
761684
761691
762027
762047
762310
762508
762640
762642
762804
763110
763435
763475
763483
763577
763584
763596
763787
763791
763800
763832
763980
764136
764317
764529
764553
764614
764741
764777
764795
764808
764826
764989
765003
765077
765098
765168
765320
765441
765444
765448
765615
765711
766104
766187
766195
766241
766264
766265
766391
766726
766750
767080
767104
767154
767275
767285
767427
767454
767457
767460
767566
767994
768094
768289
768336
768393
768441
768461
768599
768624
768661
768699
768933
769021
769040
769116
769243
769309
769606
769626
769725
769847
769971
770045
770114
770124
770144
770162
770271
770419
770424
770466
770827
770841
770869
771313
771546
771578
771622
771651
771780
771875
771924
772056
772066
772141
772389
772483
772551
772684
772804
772941
773030
773073
773119
773166
773185
773298
773308
773324
773352
773450
773488
773496
773702
773742
774047
774113
774297
774512
774852
775100
775109
775157
775199
775201
775334
775356
775375
775422
775659
775679
775780
775832
775850
775996
776013
776119
776140
776161
776286
776373
776499
776548
776744
777070
777091
777135
777166
777358
777384
777493
777520
777531
777640
777703
777706
777769
777843
778174
778243
778266
778291
779459
779514
779779
779976
779984
780280
780307
780600
780690
780749
780770
780845
780871
780920
781077
781346
781617
781787
781929
782086
782204
782300
782330
782618
782702
782787
783217
783331
783382
783467
783599
783600
783603
783653
783704
783791
784018
784107
784203
784217
784277
784302
784434
784491
784525
784578
784597
784604
784967
785048
785050
785161
785191
785227
785256
785429
785508
785539
785540
785603
785624
785807
785836
785961
786069
786143
786164
786322
786637
786743
786796
787049
787067
787151
787203
787369
787480
787545
787579
787659
787721
787803
788144
788245
788269
788285
788295
788437
788490
788672
788691
788771
788776
788890
788896
789069
789079
789273
789273
789349
789710
789844
790268
790516
790541
790560
790593
790737
790840
790843
790869
791040
791134
791291
791341
791345
791362
791446
791595
791604
791912
792133
792184
792242
792265
792289
792524
792573
792577
792650
792654
792664
792741
792911
793150
793253
793364
793577
793679
794038
794106
794304
794317
794352
794378
794417
794636
794758
794767
794787
794788
794885
794898
794975
795052
795069
795101
795246
795396
795632
795897
796018
796167
796229
796352
796569
796749
796798
796805
797177
797326
797430
797497
797510
797534
797671
797801
797821
797956
798031
798097
798166
798167
798179
798543
798653
798746
798865
798870
798912
798919
799033
799040
799055
799125
799149
799333
799355
799376
799518
799532
799535
799730
799802
800074
800187
800192
800250
800257
800277
800529
800599
800639
800647
800952
801029
801085
801101
801341
801357
801375
801686
801748
801763
801808
801832
801835
801853
801996
802020
802136
802152
802222
802390
802421
802500
802863
802949
803012
803269
803342
803348
803553
803596
803606
803713
803950
804084
804236
804349
804366
804378
804400
804429
804458
804468
804492
804607
804702
804722
804830
804875
804917
805129
805347
805371
805392
805533
805620
805739
806093
806140
806161
806285
806310
806319
806423
806574
806701
806725
806771
806867
806902
806997
807071
807157
807189
807266
807285
807344
807520
807718
807777
807866
808088
808354
808523
808541
808963
809070
809190
809295
809422
809572
809597
809936
809959
809966
809991
810055
810153
810199
810253
810281
810352
810427
810472
810479
810563
810790
810919
810934
810948
811150
811161
811234
811257
811272
811300
811512
811570
811740
811772
812050
812109
812418
812493
812771
812795
812808
812883
813024
813190
813272
813290
813372
813734
813774
813872
814078
814104
814112
814171
814199
814204
814250
814265
814330
814344
814455
814530
814705
814943
815052
815380
815397
815402
815434
815459
815586
815721
815751
815861
815953
816157
816188
816334
816361
816582
816668
817327
817343
817654
817711
817724
817735
817773
817864
817873
817964
818023
818316
818327
818413
818466
818614
818643
818713
818763
818793
818835
819053
819348
819427
819683
819706
819911
820145
820238
820362
820558
820616
820988
820996
821082
821166
821181
821450
821451
821514
821556
821595
821781
821885
821937
822089
822151
822236
822366
822448
822568
822837
822869
822909
822980
823010
823068
823242
823270
823296
823435
823766
823933
824322
824345
824349
824424
824447
824562
824592
824631
824719
824764
824834
824853
824940
825026
825095
825151
825158
825303
825439
825453
825566
825731
825918
825993
826010
826116
826159
826457
826558
826593
826611
826612
826691
827165
827354
827546
827592
827710
827724
827736
827769
827775
827778
827788
827863
827920
828089
828136
828254
828376
828436
828436
828576
828597
828679
828800
828822
828993
829049
829249
829299
829381
829445
829484
829486
829490
829521
829576
829625
829650
829798
829860
829875
829891
830219
830290
830596
830690
830767
830990
831087
831117
831209
831376
831434
831519
831672
831686
831894
832203
832214
832291
832328
832515
832761
832820
832833
832941
833012
833115
833134
833164
833229
833434
833501
833554
833691
833816
834030
834040
834068
834105
834182
834205
834234
834248
834318
834374
834392
834497
835105
835132
835285
835540
835598
835650
835659
835958
836005
836035
836215
836285
836486
836503
836520
836551
836582
836594
836665
836690
836955
837086
837117
837200
837481
837669
837726
837739
837832
838112
838128
838160
838219
838229
838331
838401
838531
838546
838550
838566
838571
838800
838887
839059
839118
839272
839411
839419
839465
839715
839756
839914
839946
839948
839986
840018
840120
840186
840406
840601
840856
841073
841169
841192
841334
841417
841600
841606
841921
841989
842321
842361
842395
842579
842701
842994
843006
843030
843040
843075
843230
843256
843462
843698
843743
843784
843957
844209
844217
844423
844432
844455
844477
844518
844613
844719
844727
844879
844972
844993
845008
845183
845266
845309
845317
845398
845547
845561
845642
845708
845738
845827
845912
846181
846317
846436
846459
846616
846710
846835
846905
846975
847038
847286
847479
847763
847808
847848
847890
847922
847926
848055
848302
848318
848518
848634
848667
848681
848715
848721
848741
848823
848852
849047
849053
849079
849087
849190
849241
849245
849427
849667
849751
849820
849937
850026
850198
850266
850553
850616
851014
851165
851184
851194
851224
851252
851297
851332
851628
851699
851787
851873
851919
851953
852005
852021
852082
852098
852330
852406
852433
852530
852550
852594
852595
852697
852944
853006
853082
853361
853464
853471
853593
853666
853684
853920
853966
854044
854103
854145
854147
854237
854302
854421
854469
854546
854622
854689
854805
855010
855122
855195
855343
855349
855546
855603
855737
856032
856148
856213
856360
856449
856686
856827
856859
856902
856915
856915
857013
857043
857332
857556
857835
857848
857918
857968
858044
858233
858238
858426
858500
858603
858669
858678
858712
858897
858915
859012
859046
859068
859269
859495
859594
859622
860054
860133
860326
860464
860567
860884
860921
861116
861265
861606
861874
861904
862437
862450
862489
862644
862790
862848
862939
862951
862971
863086
863136
863183
863221
863274
863384
863573
863730
863817
864002
864016
864114
864302
864307
864335
864395
864485
864516
864523
864704
864770
864788
864962
865046
865475
865699
865880
866157
866290
866357
866894
867019
867059
867169
867193
867215
867215
867532
867595
867771
867874
867891
868064
868067
868141
868322
868338
868436
868443
868480
868486
868492
868507
868551
868830
868835
868962
869018
869022
869029
869092
869222
869371
869600
869660
869685
869733
869783
869932
870159
870462
870467
870581
870663
870677
870699
870707
870824
870886
870920
871000
871000
871114
871118
871556
871560
871677
871792
871829
872111
872232
872235
872247
872319
872459
872478
872585
872610
872633
872688
872843
872871
873042
873086
873271
873290
873311
873464
873541
873632
873778
873792
873945
874066
874084
874236
874496
874631
874650
874668
874681
874848
874885
874939
874989
875035
875341
875365
875380
875681
875829
875927
876070
876076
876163
876182
876299
876407
876416
876465
876487
876691
877545
877769
877886
877897
878103
878162
878257
878302
878475
878476
878556
878857
878924
879038
879431
879502
879506
879512
879528
879642
879701
880021
880316
880350
880354
880371
880464
880529
880668
880951
880967
881331
881332
881504
881759
881774
881798
882049
882623
882654
882930
882939
883117
883236
883312
883595
883658
883719
883735
883891
883980
884178
884225
884307
884409
884415
884418
884667
884726
885035
885056
885064
885097
885235
885328
885457
885677
885699
885746
885970
886098
886135
886285
886288
886365
886375
886380
886510
886689
886751
886779
886780
886824
886852
887122
887250
887279
887328
887354
887796
887890
887899
888022
888186
888194
888309
888351
888387
888602
888605
888684
888927
889309
889370
889403
889461
889644
889693
889853
889981
890293
890413
890523
890636
890674
890783
890861
891040
891236
891352
891403
891470
891748
891772
891904
891931
891942
892032
892063
892140
892232
892607
892820
892823
892927
892945
892972
893048
893083
893111
893114
893145
893199
893340
893379
893387
893589
893711
893757
893866
893873
893934
894048
894068
894070
894091
894133
894436
894503
894722
894877
895139
895313
895615
895719
895737
895738
895745
896014
896194
896298
896328
896427
896816
896845
897042
897102
897273
897428
897548
897559
897627
897781
897784
897891
898007
898085
898113
898157
898227
898257
898274
898455
898565
898630
898710
899012
899288
899338
899485
899503
899542
899680
899750
899796
899919
899976
900002
900013
900104
900230
900266
900278
900335
900345
900414
900595
901026
901034
901053
901154
901360
901372
901502
901604
901612
901768
901804
902677
902681
902775
903093
903254
903464
903540
903557
903750
903764
903784
903791
903921
904008
904018
904082
904179
904279
904391
904890
905017
905114
905303
905309
905615
905642
905750
905913
905950
906014
906053
906070
906124
906214
906237
906329
906370
906438
906445
906591
906630
906653
906784
906811
907079
907386
907387
907439
907454
907459
907627
907869
907893
907900
908068
908070
908100
908182
908236
908237
908349
908594
908649
908676
908705
908731
909027
909179
909200
909307
909369
909455
909501
909580
909602
909692
909701
909851
909998
910023
910164
910281
910302
910330
910338
910580
910588
910626
910755
910756
910773
910822
910882
910925
911084
911194
911233
911240
911542
911696
911822
911928
912087
912242
912350
912394
912425
912547
912698
912910
912933
912991
913221
913265
913423
913524
913681
913712
913911
913970
914119
914225
914234
914370
914381
914446
914450
914956
915019
915028
915072
915100
915166
915310
915370
915387
915827
915843
915904
916071
916135
916165
916204
916206
916247
916380
916554
916556
916612
916677
916689
916738
916788
916807
916823
917019
917188
917216
917258
917287
917385
917429
917585
917699
917725
917764
917895
917909
917941
917953
918312
918433
918515
918709
918786
918805
918867
918939
919069
919177
919186
919225
919245
919322
919625
919842
920071
920218
920358
920381
920401
920411
920758
920855
920922
921048
921135
921174
921193
921438
921479
921491
921524
921614
921841
921852
921905
922134
922213
922335
922435
922439
922534
922553
922631
922686
922783
922799
922932
922989
923026
923171
923232
923257
923449
923643
923676
924058
924075
924265
924424
924463
924468
924497
924498
924610
924850
924948
924965
925020
925190
925461
925464
925655
925749
925760
925852
926103
926142
926243
926275
926298
926299
926505
926583
926746
926888
927118
927137
927240
927360
927390
927610
928096
928231
928503
928647
928735
928790
928932
928985
929022
929154
929241
929549
929841
929878
929949
930040
930366
930485
930489
930569
930904
931099
931278
931498
931555
931647
931727
931758
931772
931772
931951
932036
932039
932601
932616
932712
932863
933218
933332
933547
933554
933564
933831
933835
933876
933969
933976
933995
934095
934157
934179
934204
934331
934423
934427
935195
935198
935618
935802
935916
935985
936070
936120
936180
936251
936275
936300
936654
936807
936867
936877
936944
936979
936983
937008
937068
937281
937382
937603
937725
937784
937820
937855
937914
937949
938067
938332
938418
938476
938533
938578
938614
938617
938618
938619
938887
938937
938990
939023
939423
939454
939501
939588
939686
939744
939867
939889
939932
940054
940138
940192
940598
940900
940999
941025
941055
941301
941302
941349
941610
941657
941744
941910
942126
942193
942264
942281
942455
942457
942479
942491
942631
943004
943038
943100
943160
943422
943567
943657
943695
943770
943773
943837
943975
943984
944034
944262
944371
944668
944694
944710
944793
944805
944878
944913
945076
945092
945289
945381
945428
945511
945709
945803
946043
946076
946128
946320
946449
946554
946650
946678
946688
946690
946723
946759
946796
946853
946967
947036
947041
947260
947282
947389
947536
947611
947681
947705
947883
947902
947932
947939
948007
948088
948160
948265
948422
948683
948691
948771
948858
948991
949007
949221
949353
949486
949593
949636
949984
950123
950168
950313
950787
950805
950933
951014
951076
951423
951462
951506
951584
951731
951746
951849
951957
951968
952058
952090
952173
952180
952217
952236
952246
952283
952314
952671
952726
952928
953115
953197
953278
953293
953321
953343
953349
953664
953698
953758
953989
954272
954420
954592
954599
954703
954718
955088
955248
955854
955956
956112
956123
956133
956155
956387
956519
956679
956879
956881
956902
956968
957032
957090
957231
957496
957687
958121
958122
958263
958299
958378
958403
958406
958722
958790
958916
959028
959066
959133
959178
959221
959254
959493
959601
959624
959776
959828
960139
960159
960174
960202
960223
960280
960334
960349
960429
960583
960612
960623
960647
960963
960982
961042
961081
961258
961515
961552
961776
962067
962200
962221
962340
962362
962393
962484
962504
962514
962536
962836
962886
962980
963126
963170
963194
963228
963572
963636
963768
963786
964170
964218
964256
964287
964373
964566
964733
964771
964819
964835
964928
964969
964978
965072
965094
965174
965406
965477
965512
965661
965662
965734
966073
966114
966322
966354
966428
966469
966640
966644
966681
966756
966902
967226
967276
967282
967471
967502
967545
967610
967713
967979
968068
968135
968154
968334
968560
968562
968582
968827
968891
968920
968981
969005
969054
969106
969123
969300
969477
969503
969601
969833
969885
969972
970282
970472
970491
970722
970814
971030
971131
971204
971233
971483
971607
971623
971783
971834
972000
972106
972160
972216
972229
972443
972797
972817
973092
973129
973206
973386
973952
973999
974039
974149
974213
974222
974273
974476
974523
974735
974997
975131
975183
975194
975227
975293
975470
975490
975658
975759
975900
975968
975999
976038
976042
976191
976199
976330
976397
976605
976622
977047
977105
977156
977207
977332
977389
977465
977507
977650
977866
978001
978516
978527
978726
978732
978903
979047
979107
979346
979517
979602
979748
979802
979938
980114
980183
980199
980510
980535
980693
980761
980795
980986
981020
981057
981163
981229
981255
981422
981476
981486
981564
981646
981700
981787
981928
981969
982072
982183
982197
982245
982270
982382
982605
982810
982867
982905
982917
983190
983310
983317
983330
983518
983626
983636
983790
983883
984040
984153
984159
984246
984386
984450
984499
984652
984725
984784
984879
984926
984991
985044
985153
985203
985371
985441
985550
985676
985679
986069
986178
986193
986347
986445
986472
986562
986597
986731
986790
986852
986867
986926
986950
987084
987158
987247
987334
987646
987836
987843
987946
987985
988004
988125
988322
988522
988599
988702
988750
988779
989029
989123
989173
989193
989210
989271
989360
989669
989792
989840
989903
990156
990170
990312
990470
990584
990732
990913
991027
991036
991043
991107
991116
991139
991222
991261
991358
991435
991525
991759
991766
991930
992070
992114
992120
992148
992316
992502
992576
992908
992921
992951
993002
993021
993174
993253
993300
993328
993593
993672
993763
993928
994103
994206
994409
994463
994550
994567
994686
994700
994710
994773
994826
995039
995056
995131
995697
995708
995834
996103
996110
996245
996314
996321
996342
996481
996483
996601
996656
996953
996968
997060
997582
997776
997799
997879
997973
998013
998036
998117
998133
998216
998345
998580
998939
998943
999054
999128
999158
999207
999269
999276
999400
999400
999513
999668
999737
999788
999866
999979
