Bubblesort
Description         Sorting     Sorting+Writing
Integers 10000		0.301447	0.302591
Integers 20000		1.182725	1.184840
Integers 40000		4.994820	4.998578
Integers 80000		20.714391	20.720491
Dates 10000		0.572570	0.578018
Dates 20000		2.180026	2.184697
Dates 40000		8.874155	8.885986
Dates 80000		33.726712	33.745355
Date_time 10000		0.756162	0.763396
Date_time 20000		3.161986	3.172951
Date_time 40000		12.542976	12.560649

Quicksort
Description         Sorting     Sorting+Writing
Integers 10000		0.006067	0.007094
Integers 20000		0.009745	0.011711
Integers 40000		0.014956	0.019085
Integers 80000		0.025651	0.032765
Integers 160000		0.066465	0.080132
Integers 320000		0.095699	0.122027
Integers 640000		0.173000	0.227867
Integers 1280000		0.350204	0.460840
Integers 2560000		0.716877	0.932988
Integers 5120000		1.465252	1.900891
Dates 10000		0.003768	0.005943
Dates 20000		0.003417	0.010191
Dates 40000		0.007512	0.018950
Dates 80000		0.015699	0.034378
Dates 160000		0.029985	0.063906
Dates 320000		0.057985	0.117406
Date_time 10000		0.001650	0.009305
Date_time 20000		0.003368	0.014426
Date_time 40000		0.007397	0.025388
Date_time 80000		0.015592	0.047469
Date_time 160000		0.025272	0.081703
Integers 10000		0.296551	0.297816
Integers 10000		0.003533	0.004835
Dates 10000		0.573004	0.578570
Dates 10000		0.002230	0.008871
Date_time 10000		0.760693	0.767513
Date_time 10000		0.001656	0.008901
